0
0
0
0
0
0
0
0
0
0
0
0
0
0
0
0
0
0
0
0
0
0
0
0
0
0
0
0
0
0
0
0
0
0
0
0
0
0
0
0
0
0
0
0
0
0
0
0
0
0
0
0
0
0
0
0
0
0
0
0
0
0
0
0
0
0
0
0
0
0
0
0
0
0
0
0
0
0
0
0
0
0
0
8
8
12
16
11
12
12
21
21
19
22
21
19
15
28
34
64
113
149
209
267
218
233
230
262
253
271
282
255
240
246
251
251
272
254
253
231
242
232
254
220
240
240
241
238
206
234
249
253
223
272
234
238
210
245
243
242
219
242
241
226
255
224
223
241
227
257
242
220
239
259
264
249
275
256
230
237
247
232
260
275
233
257
248
261
247
240
268
248
245
233
255
266
213
283
254
258
213
243
259
267
271
266
260
253
272
268
255
281
278
250
272
264
255
238
270
278
299
294
309
289
266
283
287
284
300
261
304
279
288
315
315
308
319
324
281
326
282
304
303
325
285
304
317
341
323
315
317
306
336
323
322
330
309
320
337
351
330
321
369
350
330
357
378
373
361
348
358
377
360
389
402
372
388
375
410
392
425
383
391
391
433
416
377
403
395
417
407
380
396
416
416
421
439
392
419
371
389
423
410
370
389
416
396
394
407
428
379
353
408
376
379
396
374
376
420
388
374
418
417
423
395
391
412
393
421
358
397
359
372
394
371
422
416
428
371
398
374
411
381
399
395
380
381
358
413
372
389
378
381
419
362
400
402
377
370
379
384
392
396
429
375
370
397
396
393
375
388
396
421
394
389
393
370
380
380
393
354
363
377
396
429
398
377
368
391
370
379
357
400
407
384
359
419
403
406
354
420
366
380
377
388
446
409
357
411
386
402
389
408
370
405
386
378
396
367
381
391
403
376
331
360
406
389
382
359
420
352
417
415
432
380
384
372
400
398
428
415
398
404
391
393
372
430
375
408
411
446
425
387
421
383
403
429
384
364
386
420
393
400
445
388
416
444
408
435
407
394
384
419
424
414
400
434
375
412
413
400
375
463
400
432
465
410
405
430
432
410
372
376
404
377
395
459
401
416
447
426
424
421
453
424
404
402
405
392
419
430
413
425
417
424
364
448
422
427
428
424
402
420
395
420
450
423
383
397
400
403
402
445
391
409
408
409
416
392
415
401
382
432
418
411
378
420
409
397
406
435
410
384
394
402
399
377
444
433
439
402
426
420
437
388
408
423
408
424
398
387
402
421
434
423
423
421
400
411
426
396
380
404
395
404
386
393
393
399
401
415
407
397
381
386
385
374
388
377
393
380
431
398
407
377
412
383
409
391
387
391
407
412
413
384
399
406
414
387
385
383
388
391
360
372
382
397
406
386
386
393
403
385
403
386
386
411
408
378
385
401
382
338
415
398
402
398
406
366
370
426
363
384
436
368
363
362
396
390
416
385
427
405
424
404
397
397
404
368
399
440
399
448
394
355
405
400
412
414
377
380
406
383
414
425
433
382
384
384
450
389
402
411
390
432
404
411
415
420
463
408
438
423
414
443
441
467
443
452
434
454
430
451
443
465
429
470
476
462
486
450
472
448
458
458
480
532
478
483
454
486
496
507
474
524
463
474
455
532
535
493
497
551
484
521
464
471
532
497
512
499
515
504
509
478
507
490
497
496
538
505
503
488
570
509
538
466
547
494
550
511
518
524
510
504
511
543
502
507
504
537
522
498
534
461
483
533
525
511
505
518
476
508
559
515
500
548
547
516
511
532
494
518
442
497
489
546
477
511
509
460
498
479
461
446
472
481
472
480
496
497
481
491
442
500
435
488
476
440
482
446
479
481
489
443
445
442
463
435
458
455
459
431
469
435
430
439
457
482
459
441
447
430
421
428
429
411
413
375
447
400
451
427
408
460
420
399
379
407
420
438
402
370
439
423
394
426
417
398
408
426
404
387
379
402
395
376
396
410
388
400
407
399
396
372
381
380
445
393
373
382
360
388
398
395
390
411
389
371
372
400
381
386
376
388
405
379
357
375
392
366
348
372
349
367
361
381
405
337
350
347
380
348
406
377
364
354
387
363
351
360
343
364
332
321
348
335
364
385
363
338
362
340
372
293
330
342
322
350
342
320
335
342
335
356
327
371
327
356
332
314
336
310
360
335
322
341
297
360
325
294
338
316
324
331
326
329
353
319
330
307
326
317
317
312
337
341
308
302
325
316
337
285
298
290
313
339
316
310
324
318
325
291
310
312
336
292
350
280
335
282
285
321
295
314
320
317
298
307
311
317
282
303
331
307
279
306
307
280
288
295
318
352
315
293
308
322
311
312
298
307
288
317
308
316
265
297
283
334
296
295
319
286
282
284
287
295
279
309
305
268
257
281
279
314
285
295
265
317
269
263
310
292
304
310
296
296
285
251
289
278
272
299
284
278
294
251
289
311
278
253
302
280
264
270
273
294
300
247
265
292
279
256
257
264
275
290
279
265
247
292
286
273
251
262
307
255
294
237
285
235
283
258
264
239
258
244
249
289
257
290
311
252
236
250
238
248
267
273
256
270
253
240
249
247
272
261
252
259
258
276
209
273
218
242
256
269
259
246
233
265
281
221
255
267
249
231
237
268
240
246
272
250
275
264
260
239
213
228
255
252
221
270
266
222
232
260
250
248
252
253
209
246
228
242
241
232
247
221
249
209
231
257
239
223
251
213
239
251
215
226
199
260
237
211
245
236
241
233
248
224
244
257
234
233
230
233
256
226
208
239
223
213
237
209
208
239
216
239
221
255
221
238
213
207
225
220
218
227
232
227
209
227
211
205
227
219
215
226
222
221
213
221
224
226
225
232
200
229
222
210
242
216
201
195
206
183
205
220
239
226
211
211
229
219
217
214
212
237
213
229
212
219
216
188
222
224
223
209
197
205
199
217
209
197
199
184
206
209
201
223
203
208
202
207
182
192
180
200
216
213
218
208
213
217
227
194
189
213
221
185
205
212
206
178
208
185
198
234
197
202
163
183
212
196
189
214
186
210
195
204
188
214
205
189
194
167
194
193
211
219
194
199
212
170
186
199
197
218
198
197
200
171
205
193
210
184
208
204
181
198
198
205
180
213
196
198
155
190
190
186
189
185
199
199
194
176
187
190
177
187
199
193
237
208
190
185
190
188
195
195
199
205
178
147
169
180
167
202
178
173
172
181
200
209
176
165
168
172
188
202
202
163
226
172
181
173
184
188
168
166
188
204
192
167
170
195
183
192
165
178
176
184
193
191
187
207
193
194
198
190
171
168
195
162
169
176
190
190
169
180
206
179
182
166
186
190
174
209
182
168
170
157
170
210
159
167
189
201
177
179
190
189
170
169
219
202
194
163
188
186
158
183
167
184
194
160
159
166
171
154
182
185
191
182
174
162
178
173
172
180
181
167
200
174
144
177
182
191
177
146
179
163
188
142
170
158
182
194
133
186
175
163
158
165
155
173
164
167
185
174
160
188
162
159
155
164
155
168
167
167
149
165
188
166
177
174
174
141
158
157
170
175
173
160
184
173
192
181
176
148
174
186
174
132
172
187
199
166
172
161
167
152
164
146
169
184
167
143
146
155
169
174
167
177
171
159
160
165
151
166
187
165
167
164
160
204
156
166
171
172
188
152
182
162
165
182
164
185
172
190
181
171
178
167
183
170
185
156
179
182
158
163
172
158
162
168
174
172
154
177
168
155
154
196
178
173
154
177
191
172
160
179
162
151
161
164
175
160
178
140
157
141
191
167
162
168
155
177
167
176
150
160
167
145
161
179
140
167
175
176
176
166
177
143
151
152
139
146
151
157
160
134
153
166
194
176
171
160
156
166
152
167
165
164
168
165
172
163
152
172
201
152
139
172
149
167
166
164
158
158
155
150
183
148
144
136
172
154
155
183
169
158
144
154
161
156
160
167
169
140
156
148
145
164
151
158
186
170
165
144
158
147
169
179
170
165
152
151
161
185
150
144
162
161
147
142
158
179
152
176
149
159
154
141
155
157
164
151
160
165
154
147
128
148
191
154
154
134
153
165
174
156
141
166
157
172
149
142
170
149
173
173
178
137
176
167
135
162
145
167
149
136
141
168
175
161
162
156
166
155
153
154
165
166
168
182
171
162
162
195
152
171
160
165
134
158
145
172
151
156
169
179
152
135
138
156
140
173
149
153
156
164
166
153
154
162
160
175
154
158
167
157
177
154
171
141
151
135
154
150
153
163
148
153
137
178
168
167
159
184
138
152
176
193
139
165
155
163
155
153
161
143
155
157
172
159
176
143
162
162
168
171
144
170
155
159
184
141
158
164
152
149
153
171
149
180
168
159
148
144
171
183
177
148
173
155
150
147
170
172
144
164
166
162
143
157
154
168
149
162
141
140
141
152
138
146
164
148
141
142
149
181
161
141
158
174
156
148
153
162
164
156
153
156
166
184
147
162
157
147
149
157
159
179
176
134
156
146
150
176
177
180
150
158
162
192
154
147
154
158
176
157
144
171
157
170
147
146
156
158
159
146
157
156
162
169
157
127
163
150
174
168
148
168
155
154
141
162
151
172
158
171
177
163
140
142
153
152
158
172
147
154
147
137
162
158
158
179
160
170
169
143
152
142
159
174
157
171
151
153
129
147
166
170
157
149
157
154
170
174
160
155
169
128
154
158
172
167
177
166
153
177
190
163
159
158
157
154
151
174
138
160
153
139
160
177
146
150
142
163
172
182
160
160
177
158
162
166
166
160
162
186
147
170
181
172
137
160
175
178
161
156
174
148
167
166
169
145
152
158
186
154
156
142
150
160
154
155
176
163
183
174
137
186
184
183
156
166
178
148
171
157
164
138
148
164
168
173
165
156
148
180
178
153
163
163
160
162
146
169
142
157
184
158
156
170
157
141
174
166
158
167
156
175
165
153
158
159
184
187
159
186
166
170
150
146
187
190
178
170
179
161
159
146
173
134
165
173
163
125
167
166
166
181
179
192
156
156
181
180
170
160
175
181
183
151
173
165
162
179
178
184
160
148
175
177
178
166
149
158
156
152
158
169
173
186
173
172
149
173
169
176
169
158
173
142
170
156
170
153
180
175
169
172
196
161
165
165
158
178
186
157
158
172
166
163
166
170
165
157
158
150
160
151
152
153
162
149
177
159
189
171
153
188
199
165
170
182
181
172
166
163
150
167
163
201
169
192
171
176
192
158
165
187
175
177
179
193
152
176
181
183
195
184
174
168
200
172
159
169
145
174
171
180
162
155
167
189
161
183
162
156
182
179
173
167
171
177
177
172
213
183
166
168
179
153
176
160
164
161
168
153
157
165
191
180
181
172
183
177
182
188
169
174
169
184
162
165
179
188
192
190
182
182
162
175
152
186
204
181
189
170
174
182
163
162
189
173
186
202
160
178
171
164
177
202
170
181
177
169
149
195
185
164
197
181
178
168
191
151
170
167
203
195
181
169
205
165
180
156
171
178
171
180
184
173
177
160
209
180
176
190
202
159
181
150
176
171
158
178
188
197
168
149
162
175
174
185
175
166
165
188
178
180
188
195
203
191
178
170
184
193
172
174
183
198
169
190
198
177
201
188
183
178
159
166
180
159
178
169
194
161
178
207
166
206
173
183
162
191
200
161
177
180
188
184
163
164
172
180
168
185
163
204
163
217
198
184
185
195
220
192
172
201
189
171
185
179
203
192
170
192
201
169
188
196
176
162
187
195
187
188
195
188
176
205
208
193
191
197
180
217
199
198
172
178
166
203
167
199
182
207
187
171
198
203
219
192
186
201
189
191
184
174
170
198
186
188
202
190
208
186
173
177
184
179
179
203
201
194
190
204
174
190
210
230
185
221
193
179
221
192
187
160
165
186
188
178
205
184
190
214
206
173
202
200
200
211
179
189
214
196
194
192
214
191
210
210
188
196
198
224
221
209
181
224
209
187
195
177
192
194
200
189
210
201
183
186
191
208
194
201
189
182
206
199
217
213
213
199
205
178
198
203
216
209
224
184
220
198
208
218
187
203
191
216
208
189
192
177
209
209
209
170
189
181
226
201
186
222
223
210
187
209
215
201
224
223
182
213
209
208
209
210
195
217
213
217
212
202
194
209
183
219
212
193
210
198
200
214
216
189
216
196
224
189
222
223
216
189
206
184
210
198
203
199
219
198
221
228
219
192
236
206
227
202
185
211
240
232
224
213
218
211
197
208
240
214
189
214
241
213
229
200
204
199
244
218
219
221
200
206
230
203
204
214
225
205
216
214
228
195
236
208
212
156
205
208
202
209
209
209
196
234
196
230
238
191
214
224
195
198
219
208
218
223
214
221
196
219
209
216
200
225
203
201
206
214
213
193
222
206
231
234
195
216
226
204
218
229
188
202
205
211
219
217
227
211
230
191
214
202
214
210
220
226
184
221
220
212
180
204
226
207
209
228
198
207
201
212
222
219
185
213
190
196
203
233
199
218
224
191
215
197
199
211
219
178
227
181
211
199
209
219
191
215
204
196
193
208
193
214
193
172
192
191
206
185
189
209
194
207
198
179
199
193
176
208
182
190
177
197
163
202
191
180
186
179
185
175
188
213
202
177
182
206
190
164
171
172
197
161
187
190
189
210
197
177
189
187
159
169
178
184
171
174
184
166
167
177
180
176
159
162
194
157
172
166
164
194
154
182
168
182
151
168
174
159
162
182
169
173
159
164
150
172
173
166
180
174
145
155
154
157
163
153
157
188
150
162
170
166
169
162
156
177
157
180
164
174
178
184
161
184
168
175
145
161
154
133
158
176
138
170
168
167
152
171
156
133
152
165
149
165
167
136
128
147
136
152
172
160
142
149
158
149
167
148
129
150
141
162
143
161
130
146
131
152
141
148
129
136
136
154
157
161
146
154
132
148
147
152
160
142
123
149
160
141
144
145
136
121
140
162
151
135
130
119
134
147
119
157
144
141
148
140
145
136
143
178
130
143
137
118
152
135
146
135
132
154
133
148
132
149
135
127
146
135
144
135
132
137
135
137
127
137
137
138
147
131
129
135
122
141
136
149
143
140
141
129
139
139
133
113
159
146
144
129
115
141
138
118
125
137
144
131
100
134
142
120
119
117
136
113
130
150
152
134
141
127
123
116
132
116
140
141
120
135
131
102
127
141
143
141
118
138
143
138
138
134
138
128
152
128
119
130
118
130
135
138
129
105
144
141
137
131
133
138
128
139
118
131
136
133
128
126
128
113
135
137
124
149
115
119
150
161
124
142
128
120
115
126
149
142
122
117
129
149
113
113
113
138
136
135
131
137
135
136
131
155
125
114
121
122
117
110
106
127
134
140
135
122
122
129
139
113
112
115
141
136
118
145
117
138
130
93
126
116
135
116
118
127
110
110
135
100
142
117
118
130
111
138
134
102
129
120
94
117
127
102
117
120
105
145
125
103
120
115
122
113
111
120
118
111
107
125
121
109
125
119
113
107
114
120
112
109
103
115
108
113
125
96
111
106
107
112
114
111
112
105
104
126
126
124
123
114
104
107
130
116
115
114
116
118
108
85
111
102
88
97
96
93
106
94
109
113
102
123
104
102
100
101
120
99
87
106
114
124
109
108
93
102
110
117
111
101
90
99
98
98
115
105
99
110
99
105
96
110
105
93
104
94
100
113
128
107
98
108
114
81
94
106
107
101
99
101
109
105
83
98
99
136
127
113
122
97
104
103
104
118
113
106
138
109
122
110
107
108
112
123
117
131
91
88
101
117
120
109
130
114
109
110
121
134
102
128
115
124
124
132
139
130
138
120
114
124
128
145
142
138
145
144
145
153
136
117
128
143
128
139
149
136
135
139
183
160
156
137
147
146
183
148
142
164
190
163
157
171
184
184
172
165
166
162
159
192
187
162
221
175
178
191
185
169
185
191
203
182
205
195
198
202
207
211
215
219
196
224
252
213
220
224
231
233
242
246
229
268
253
242
256
283
244
264
238
258
278
256
255
282
282
279
295
255
308
291
294
278
289
280
308
312
287
326
306
304
302
303
300
301
314
324
321
331
329
377
320
349
371
371
346
320
368
372
376
340
365
375
362
389
339
385
383
396
381
380
389
417
411
391
411
403
444
391
411
400
415
424
419
410
415
440
382
404
442
441
421
415
408
466
417
435
418
409
454
423
416
422
423
436
495
469
512
452
462
481
454
402
452
471
440
417
449
499
494
437
439
471
448
473
464
438
478
466
462
459
446
435
498
434
452
470
449
483
470
459
433
460
469
433
487
464
448
462
478
429
467
427
464
476
464
444
427
492
476
465
430
473
407
443
452
478
415
501
441
446
422
421
412
395
440
430
472
415
410
432
392
423
422
429
394
413
370
353
400
375
346
418
368
369
368
368
367
342
361
371
399
361
352
374
339
349
349
309
350
317
340
334
346
301
304
305
303
293
331
299
262
310
302
308
283
273
271
269
244
277
233
274
268
236
293
249
234
259
226
249
250
239
228
229
226
216
223
209
212
208
203
217
230
187
185
164
224
188
208
197
194
174
173
151
153
195
138
159
185
164
156
154
146
156
168
166
126
157
160
134
139
132
125
141
124
144
121
131
122
125
134
126
131
118
112
116
100
105
110
119
93
112
117
92
99
83
107
77
115
97
80
111
101
82
71
73
104
80
72
74
85
73
94
80
80
79
76
74
69
66
58
55
75
75
72
71
71
71
63
64
62
64
67
67
60
55
61
66
65
69
64
59
60
64
54
52
51
44
71
71
49
64
42
61
69
60
54
51
56
54
48
61
72
66
64
68
52
59
58
53
43
69
52
68
56
74
63
60
64
65
61
56
44
65
61
74
66
61
59
76
67
60
65
75
68
64
63
55
81
68
70
55
86
78
83
83
78
86
81
62
88
103
76
80
87
98
87
115
92
80
96
101
118
92
96
113
107
102
119
101
98
112
127
83
120
129
109
107
120
120
114
138
139
121
141
129
156
135
135
134
136
140
135
154
157
145
149
189
159
149
170
158
172
148
175
152
173
177
155
160
198
204
197
184
170
184
191
206
181
206
209
184
217
213
206
214
211
216
214
234
211
219
238
211
252
226
243
258
227
246
236
242
259
227
247
286
283
232
275
228
241
292
286
285
284
293
289
274
268
279
247
266
281
308
285
292
288
298
294
318
313
298
301
302
308
330
310
279
305
302
307
300
326
336
312
347
343
327
303
341
334
315
344
309
352
350
310
305
326
361
323
381
329
358
332
343
376
355
346
347
339
356
350
370
357
341
399
341
383
322
350
364
348
335
341
390
379
387
347
354
333
368
353
337
370
371
346
368
406
346
343
358
382
371
346
369
341
358
361
326
359
313
357
366
329
357
317
335
319
370
351
364
371
314
361
349
324
345
328
345
330
309
353
322
334
323
336
317
308
323
326
328
343
330
335
307
309
342
308
338
349
301
275
286
313
297
302
302
285
278
305
302
285
277
297
292
261
257
273
265
245
263
276
276
253
257
251
255
260
252
245
255
219
230
244
255
224
242
240
242
230
189
210
229
255
218
233
222
220
186
199
229
189
213
188
196
201
211
188
203
168
163
169
184
183
173
139
150
167
153
159
163
150
165
163
148
157
135
150
133
142
167
157
149
140
133
144
121
103
104
120
121
140
102
119
106
115
130
109
92
106
98
87
104
97
92
100
95
96
111
88
78
88
123
96
80
86
106
88
81
69
75
67
71
78
76
60
72
81
73
74
72
55
66
52
67
60
54
66
57
49
52
41
38
64
42
52
45
47
45
44
44
42
37
41
43
47
42
33
35
38
41
24
35
31
37
32
28
39
27
30
29
21
33
22
21
28
36
25
31
26
23
25
26
22
22
27
25
23
16
24
16
24
21
16
11
16
23
21
22
15
14
21
13
10
14
16
13
20
15
17
14
14
8
14
12
17
14
7
11
13
13
13
14
6
10
6
7
6
8
8
7
12
9
7
12
10
3
3
6
11
6
9
2
2
7
6
6
2
3
6
6
7
3
1
5
7
11
5
5
4
3
7
3
3
5
7
5
3
3
3
4
4
3
4
1
5
7
3
2
5
6
3
3
0
4
5
6
4
1
4
4
6
1
4
2
4
0
3
3
2
1
1
3
4
2
3
4
2
5
3
6
4
3
2
2
2
2
1
5
2
5
2
1
5
2
4
3
2
0
1
2
1
3
2
2
3
3
2
2
1
4
1
2
3
2
4
1
1
1
6
3
1
5
0
2
2
1
5
2
2
2
3
3
1
3
3
1
1
2
2
1
1
1
5
2
1
4
1
1
0
1
2
5
1
1
7
1
1
2
0
3
1
1
3
2
1
0
2
2
1
3
6
0
0
2
2
4
2
0
2
5
2
3
0
4
5
2
0
2
1
2
0
4
1
1
1
1
0
3
0
4
0
4
1
1
2
1
1
3
1
2
2
3
4
2
2
2
1
2
1
2
1
2
3
2
1
1
3
0
1
5
1
4
1
2
1
4
2
1
4
2
2
2
1
0
3
1
1
2
2
0
1
2
1
2
1
1
6
2
1
0
0
1
3
1
4
4
2
2
2
2
2
0
4
4
3
2
1
2
0
1
3
1
4
3
0
2
0
2
1
3
5
0
0
0
0
3
0
2
2
2
1
2
1
1
0
0
3
4
3
2
3
1
2
0
1
2
2
1
2
1
0
3
3
3
5
3
4
0
1
1
2
1
1
3
3
4
1
1
0
1
1
2
0
4
2
0
1
1
2
4
3
1
1
4
3
3
0
3
0
3
4
0
1
1
2
0
1
0
1
2
4
0
2
1
1
1
2
1
2
6
3
1
2
0
3
2
2
3
2
2
2
4
0
1
0
2
2
3
2
0
1
1
0
0
2
0
1
1
1
0
1
0
2
1
1
1
2
3
2
1
0
3
0
0
3
0
0
1
4
2
2
1
3
0
3
2
0
0
2
0
0
2
0
1
5
0
1
1
2
1
2
1
0
2
2
2
1
2
2
2
0
3
1
2
1
1
0
1
2
2
2
4
2
1
4
2
1
2
1
2
3
2
3
1
1
3
1
3
1
3
2
1
3
0
1
3
0
2
1
1
3
1
1
4
3
1
3
0
1
1
2
0
1
1
2
2
3
3
4
2
1
1
0
3
3
2
4
1
5
2
2
1
2
2
0
1
1
1
2
0
1
0
2
1
0
1
0
1
1
5
3
1
3
2
0
1
2
4
1
2
0
2
0
0
3
4
5
0
1
1
1
0
1
2
1
3
0
1
1
3
2
0
0
4
1
1
3
0
0
1
1
1
0
1
3
2
1
0
5
1
3
3
1
0
3
0
1
0
2
1
0
1
1
0
1
3
0
0
1
1
1
3
0
0
2
1
2
1
1
1
4
0
2
5
1
1
0
0
3
3
1
0
4
1
0
0
1
1
2
2
1
2
1
0
2
0
2
2
0
2
3
0
1
2
1
1
3
0
0
2
2
1
1
2
0
0
1
2
4
0
0
1
0
1
0
0
1
2
1
1
1
1
0
2
0
0
0
0
1
0
0
1
1
1
0
1
1
1
1
0
1
0
1
0
0
1
0
0
0
0
0
0
1
0
0
1
2
0
0
1
0
0
1
1
0
0
0
0
1
1
0
1
0
1
0
0
0
0
0
0
2
0
0
0
0
1
1
0
0
0
1
0
0
0
0
0
1
1
1
0
0
1
0
0
1
0
1
0
0
0
0
0
0
0
0
0
0
0
1
0
0
0
0
0
3
1
0
1
0
0
1
0
0
0
0
0
0
0
0
0
1
0
1
0
0
0
1
0
0
1
0
0
1
1
1
0
0
0
2
0
0
0
1
0
0
0
0
1
1
1
2
0
0
0
1
0
0
0
1
0
0
0
0
1
0
0
1
0
1
2
0
0
0
1
0
1
1
1
0
0
1
0
1
0
0
1
1
0
0
0
0
0
1
0
1
0
0
3
0
1
0
1
0
0
1
0
0
0
0
0
0
0
0
0
0
0
0
0
0
0
0
0
0
0
0
0
0
0
2
1
2
0
1
0
1
0
0
0
1
1
1
0
1
0
0
0
1
1
1
0
0
0
0
0
0
0
0
0
0
0
0
0
1
0
1
1
0
2
0
0
0
1
0
0
0
0
2
1
1
0
0
0
0
0
0
0
1
0
0
0
0
0
1
0
0
0
0
0
1
0
0
0
0
0
0
0
1
1
0
1
0
0
0
0
0
0
0
1
0
0
0
0
0
0
0
0
1
0
1
0
1
0
0
0
1
0
1
0
0
0
1
0
0
0
0
0
1
0
1
1
0
0
0
1
0
1
0
2
0
0
0
0
0
0
0
0
1
0
0
0
0
0
0
0
0
0
1
0
0
0
1
0
0
0
1
3
0
0
0
0
0
0
0
0
0
0
0
0
1
0
0
0
0
0
0
1
0
1
0
0
1
0
0
0
0
0
1
0
0
0
0
0
0
1
0
0
0
0
0
0
0
0
0
0
0
0
0
1
0
0
0
0
0
0
0
0
0
0
0
0
0
1
0
0
0
0
0
0
1
0
0
0
1
0
1
0
0
0
0
0
0
0
0
0
0
0
0
1
0
0
0
0
1
0
0
0
0
0
0
0
0
0
1
0
0
0
0
0
0
1
0
2
0
0
1
1
0
1
0
0
0
0
1
0
0
0
0
0
0
0
0
0
0
0
0
0
0
0
0
0
0
0
0
0
0
0
0
0
0
0
0
0
0
0
1
0
0
0
0
0
0
0
0
0
0
0
0
0
0
1
1
0
1
0
0
0
0
0
0
1
0
0
0
0
0
0
1
0
1
0
0
1
0
0
0
0
0
0
0
0
0
0
0
0
0
1
0
0
0
0
0
1
0
0
0
1
0
0
0
0
0
0
0
0
0
0
0
0
0
0
0
0
0
0
0
0
0
0
0
0
0
0
0
0
0
0
0
0
1
0
0
0
0
0
0
0
0
0
0
0
0
1
0
1
0
0
1
1
0
0
1
0
0
0
0
0
0
0
1
0
1
0
1
0
0
0
0
0
0
0
0
0
0
1
0
0
1
1
1
0
0
0
0
0
0
0
0
0
0
0
0
0
0
0
0
0
0
0
0
0
0
0
0
0
0
0
1
0
0
0
0
0
0
0
0
0
0
1
0
0
0
0
1
0
0
0
0
0
0
0
0
0
0
0
0
0
0
0
0
0
0
0
0
0
0
0
0
0
0
0
0
0
0
0
1
0
0
0
0
1
0
0
1
0
0
0
0
0
0
1
0
0
0
0
0
0
0
0
0
0
0
0
0
1
0
0
0
0
0
0
0
0
0
0
0
0
0
0
0
0
0
0
0
0
0
0
0
0
0
1
1
0
0
0
0
0
0
0
0
0
0
0
0
0
0
0
0
0
0
0
0
0
0
0
0
0
0
0
0
0
1
0
0
0
1
0
0
0
0
0
2
0
0
0
0
0
0
0
1
0
0
0
0
0
0
0
0
1
0
0
0
0
0
0
0
0
0
0
0
0
0
1
0
0
0
1
0
0
0
0
1
0
0
0
0
0
1
0
0
0
0
1
0
0
0
0
0
0
0
0
0
0
0
0
1
0
0
0
0
0
0
0
0
0
0
0
0
0
0
0
0
0
0
0
0
0
0
0
0
0
0
0
0
0
0
0
0
0
0
0
0
0
0
0
0
0
0
0
0
0
0
0
0
0
0
0
1
0
0
0
0
0
0
0
0
1
0
0
1
0
0
0
0
0
0
0
1
0
0
0
0
0
0
0
1
0
0
0
0
0
0
0
1
0
0
0
0
1
0
0
0
0
0
0
0
0
1
0
0
0
0
0
0
0
0
1
1
0
0
0
0
0
0
0
0
0
0
0
0
0
0
0
0
0
0
0
0
0
0
0
0
0
0
0
0
0
0
0
0
0
0
0
0
0
0
0
1
0
0
0
0
0
0
0
0
0
0
0
0
1
0
0
0
0
0
0
0
0
0
0
0
0
0
0
0
0
0
0
0
0
0
0
1
0
0
0
1
0
0
0
0
0
0
0
0
0
0
0
0
0
0
0
0
0
0
0
0
0
0
0
0
0
0
0
0
0
0
0
0
0
0
0
0
0
0
1
1
0
0
0
0
0
0
0
0
0
0
0
0
0
0
0
0
0
0
1
0
0
0
0
0
0
0
0
0
0
0
0
0
0
0
0
1
0
0
0
1
0
0
1
0
0
1
0
0
0
0
0
0
0
0
0
0
0
0
0
0
0
0
0
0
0
0
0
0
0
1
0
0
0
0
0
0
0
0
0
0
0
0
0
0
0
0
0
0
0
0
0
0
0
0
0
0
0
0
0
0
0
0
0
0
0
0
0
0
0
0
0
0
0
0
0
0
0
0
0
0
0
0
0
1
0
0
0
0
0
0
0
0
0
0
0
0
0
0
0
0
0
0
0
0
0
0
0
0
0
0
0
0
0
0
0
0
0
0
0
0
1
0
0
0
0
0
0
0
0
0
1
0
0
0
0
0
0
0
0
0
0
0
0
0
0
1
0
0
0
0
0
0
0
0
0
0
0
0
0
0
0
0
0
0
0
0
0
0
0
0
0
0
0
0
0
0
0
0
0
0
0
0
0
0
0
0
0
0
0
0
0
0
0
0
0
0
0
0
0
0
0
0
0
0
0
0
0
0
0
0
0
1
0
0
0
0
1
0
0
0
0
0
0
0
0
0
0
1
0
0
0
0
0
0
0
0
0
0
0
0
0
0
0
0
0
0
0
0
0
0
0
0
0
0
0
0
0
0
0
0
0
0
0
0
0
0
0
0
0
0
0
0
0
0
0
0
0
0
0
0
1
0
0
0
0
0
0
0
0
0
0
0
0
0
0
0
0
0
0
1
0
0
0
0
0
0
0
0
0
0
0
0
0
0
0
0
0
0
0
0
0
0
0
0
0
0
0
0
0
0
0
0
0
0
0
0
0
0
0
0
0
0
0
0
0
0
0
0
0
0
0
0
0
0
0
0
1
0
0
0
0
0
0
0
0
0
0
0
0
0
0
0
0
0
0
0
0
0
0
0
0
0
0
0
0
0
0
0
0
0
0
0
0
0
0
0
0
0
0
0
0
0
0
0
0
0
0
0
0
0
0
0
0
0
0
0
0
0
0
0
0
0
0
0
0
0
0
0
0
0
0
0
0
0
0
0
0
0
0
0
0
0
0
0
0
0
0
0
0
0
0
0
0
0
0
0
0
0
0
0
0
0
0
0
0
0
0
0
0
0
0
0
0
0
0
0
0
0
0
0
0
0
0
0
0
0
0
0
0
0
0
0
0
0
0
0
1
0
0
0
0
0
0
0
0
0
0
0
0
0
0
0
0
0
0
0
0
0
0
0
0
0
0
0
0
0
0
0
0
0
0
0
0
0
0
0
0
0
0
0
0
0
0
0
0
0
0
0
0
0
0
0
0
0
0
0
0
0
0
0
0
0
0
0
0
0
0
0
0
0
0
0
0
0
0
0
0
0
0
0
0
0
0
0
0
0
0
0
0
0
0
0
0
0
0
0
0
0
0
0
0
0
0
0
0
0
0
0
0
0
0
0
0
0
0
0
0
0
0
0
0
0
0
0
0
0
0
0
0
0
0
0
0
0
0
0
0
0
0
0
0
0
0
0
0
0
0
0
0
0
0
0
0
0
0
0
0
0
0
0
0
0
0
0
0
0
0
0
0
0
0
0
0
0
0
0
0
0
0
0
0
0
0
0
0
0
0
0
0
0
0
0
0
0
0
0
0
0
0
0
0
0
0
0
0
0
0
0
0
0
0
0
0
0
0
0
0
1
0
0
0
0
0
0
0
0
0
0
0
0
0
0
0
0
0
0
0
0
0
0
0
0
0
0
0
0
0
1
0
0
0
0
0
1
0
0
0
0
0
0
0
0
0
0
0
0
0
0
0
0
0
0
0
0
0
0
0
0
0
0
0
0
0
0
0
0
0
0
0
0
0
0
0
0
0
0
0
0
0
0
0
0
0
0
0
0
0
0
0
0
0
0
0
0
0
0
0
0
1
0
0
0
0
0
0
0
0
0
0
0
0
0
0
0
0
0
0
0
0
0
0
0
0
0
0
0
0
0
0
0
0
0
0
0
0
0
0
0
0
0
0
0
0
0
0
0
0
0
0
0
0
0
0
0
0
0
0
0
0
0
0
0
0
0
0
0
0
0
0
0
0
0
0
0
0
0
0
0
0
0
0
0
0
0
0
0
0
0
0
0
0
0
0
0
0
0
0
0
0
0
0
0
0
0
0
0
0
0
0
0
0
0
0
0
0
0
0
0
0
0
0
0
0
0
0
0
0
0
0
0
0
0
0
0
0
0
0
0
0
0
0
0
0
0
0
0
0
0
0
0
0
0
0
0
0
0
0
0
0
0
0
0
0
0
0
0
0
0
0
0
0
0
0
0
0
0
0
0
0
0
0
0
0
0
0
0
0
0
0
0
0
0
0
0
0
0
0
0
0
0
0
0
0
0
0
0
0
0
0
0
0
0
0
0
0
0
0
0
0
0
0
0
0
0
0
0
0
0
0
0
0
0
0
0
0
0
0
0
0
0
0
0
0
0
0
0
0
0
0
0
0
0
0
0
0
0
0
0
0
0
0
0
0
0
0
0
0
0
0
0
0
0
0
0
0
0
0
0
0
0
0
0
0
0
0
0
0
0
0
0
0
0
0
0
0
0
0
0
0
0
0
0
0
0
0
0
0
0
0
0
0
0
0
0
0
0
0
0
0
0
0
0
0
0
0
0
0
0
0
0
0
0
0
0
0
0
0
0
0
0
0
0
0
0
0
0
0
0
0
0
0
0
0
0
0
0
0
0
0
0
0
0
0
0
0
0
0
0
0
0
0
0
0
0
0
0
0
0
0
0
0
0
0
0
0
0
0
0
0
0
0
0
0
0
0
0
0
0
0
0
0
0
0
0
0
0
0
0
0
0
0
0
0
0
0
0
0
0
0
0
0
0
0
0
0
0
0
0
0
0
0
0
0
0
0
0
0
0
0
0
0
0
0
0
0
0
0
0
0
0
0
0
0
0
0
0
0
0
0
0
0
0
0
0
0
0
0
0
0
0
0
0
0
0
0
0
0
0
0
0
0
0
0
0
0
0
0
0
0
0
0
0
0
0
0
0
0
0
0
0
0
0
0
0
0
0
0
0
0
0
0
0
0
0
0
0
0
0
0
0
0
0
0
0
0
0
0
0
0
0
0
0
0
0
0
0
0
0
0
0
0
0
0
0
0
0
0
0
0
0
0
0
0
0
0
0
0
0
0
0
0
0
0
0
0
0
0
0
0
0
0
0
0
0
0
0
0
0
0
0
0
0
0
0
0
0
0
0
0
0
0
0
0
0
0
0
0
0
0
0
0
0
0
0
0
0
0
0
0
0
0
0
0
0
0
0
0
0
0
0
0
0
0
0
0
0
0
0
0
0
0
0
0
0
0
0
0
0
0
0
0
0
0
0
0
0
0
0
0
0
0
0
0
0
0
0
0
0
0
0
0
0
0
0
0
0
0
0
0
0
0
0
0
0
0
0
0
0
0
0
0
0
0
0
0
0
0
0
0
0
0
0
0
0
0
0
0
0
0
0
0
0
0
0
0
0
0
0
0
0
0
0
0
0
0
0
0
0
0
0
0
0
0
0
0
0
0
0
0
0
0
0
0
0
0
0
0
0
0
0
0
0
0
0
0
0
0
0
0
0
0
0
0
0
0
0
0
0
0
0
0
0
0
0
0
0
0
0
0
0
0
0
0
0
0
0
0
0
0
0
0
0
0
0
0
0
0
0
0
0
0
0
0
0
0
0
0
0
0
0
0
0
0
0
0
0
0
0
0
0
0
0
0
0
0
0
0
0
0
0
0
0
0
0
0
0
0
0
0
0
0
0
0
0
0
0
0
0
0
0
0
0
0
0
0
0
0
0
0
0
0
0
0
0
0
0
0
0
0
0
0
0
0
0
0
0
0
0
0
0
0
0
0
0
0
0
0
0
0
0
0
0
0
0
0
0
0
0
0
0
0
0
0
0
0
0
0
0
0
0
0
0
0
0
0
0
0
0
0
0
0
0
0
0
0
0
0
0
0
0
0
0
0
0
0
0
0
0
0
0
0
0
0
0
0
0
0
0
0
0
0
0
0
0
0
0
0
0
0
0
0
0
0
0
0
0
0
0
0
0
0
0
0
0
0
0
0
0
0
0
0
0
0
0
0
0
0
0
0
0
0
0
0
0
0
0
0
0
0
0
0
0
0
0
0
0
0
0
0
0
0
0
0
0
0
0
0
0
0
0
0
0
0
0
0
0
0
0
0
0
0
0
0
0
0
0
0
0
0
0
0
0
0
0
0
0
0
0
0
0
0
0
0
0
0
0
0
0
0
0
0
0
0
0
0
0
0
0
0
0
0
0
0
0
0
0
0
0
0
0
0
0
0
0
0
0
0
0
0
0
0
0
0
0
0
0