0
0
0
0
0
0
0
0
0
0
0
0
0
0
0
0
0
0
0
0
0
0
0
0
0
0
0
0
0
0
0
0
0
0
0
0
0
0
0
0
0
0
0
0
0
0
0
0
0
0
0
0
0
0
0
0
0
0
0
0
0
0
0
0
0
0
0
0
0
0
0
0
0
0
0
0
0
0
0
0
0
0
0
83
115
109
147
159
188
192
194
245
243
293
280
326
325
332
343
372
378
389
394
407
409
381
386
421
377
430
415
354
400
394
444
426
423
368
397
421
442
437
425
441
406
478
449
441
448
409
450
437
458
478
387
408
476
402
411
398
442
432
394
407
420
457
406
417
441
433
421
438
440
446
427
461
419
416
451
434
441
400
418
441
420
450
436
468
468
438
489
449
444
459
451
503
465
469
516
505
525
512
526
542
552
604
547
515
578
548
647
603
601
646
616
644
636
639
652
660
662
653
662
686
681
650
666
685
711
701
743
682
690
701
729
729
681
692
717
715
678
669
625
674
597
641
625
650
632
604
625
641
624
611
567
574
556
610
547
570
522
540
537
574
536
523
500
488
513
527
472
486
514
492
476
451
458
469
462
463
448
401
423
442
451
430
444
472
402
418
399
445
458
429
421
440
389
408
391
409
424
435
411
457
412
383
448
421
373
422
397
403
414
431
387
407
410
397
409
389
445
402
427
391
434
395
387
420
397
433
422
415
405
403
413
421
399
428
433
398
443
381
402
422
406
426
394
418
398
418
422
390
384
412
445
436
410
432
382
413
462
404
384
396
409
435
410
413
417
434
394
411
439
407
395
440
427
440
406
438
393
441
438
445
423
430
403
449
388
435
414
416
442
441
420
432
437
420
414
451
406
418
416
415
447
459
422
453
419
447
442
448
459
415
438
425
437
418
419
450
459
422
434
431
451
438
416
428
447
411
477
422
422
449
490
463
434
456
446
462
432
404
491
438
441
459
433
410
417
441
462
436
467
452
466
461
444
427
446
407
455
400
382
441
450
421
473
467
440
471
463
451
433
442
446
431
417
467
465
432
460
459
458
481
457
451
480
452
445
452
423
434
468
446
441
444
441
458
444
453
480
453
461
462
423
461
472
455
463
464
477
436
463
446
460
465
443
491
436
422
439
466
498
453
461
471
470
468
472
475
476
486
485
504
486
440
458
499
455
492
488
459
459
459
453
451
432
437
508
503
509
472
461
488
495
515
472
478
486
511
501
499
493
507
549
462
484
472
485
479
536
519
528
492
491
531
518
510
512
499
495
516
491
509
498
523
495
514
490
514
527
502
555
545
530
522
509
530
493
539
484
486
533
528
551
532
498
546
527
519
542
531
540
556
489
559
549
548
554
524
542
490
546
522
577
495
521
530
549
508
609
538
509
511
557
536
538
515
553
534
551
523
505
567
544
526
515
554
500
562
550
541
568
536
539
557
543
564
555
537
513
579
578
580
582
525
566
567
538
529
540
524
543
532
514
539
537
566
547
570
520
525
570
550
576
573
540
512
519
563
548
569
547
552
559
538
512
512
511
559
544
536
524
560
507
546
566
550
534
543
524
553
539
521
573
533
576
525
548
564
557
501
561
489
587
569
573
523
550
521
507
534
561
538
540
517
534
517
505
550
556
533
539
575
541
473
559
506
504
521
531
552
506
522
524
482
534
511
550
486
562
567
514
511
521
514
558
528
487
511
526
509
553
510
508
500
557
527
485
505
523
533
489
498
558
547
540
497
495
540
559
498
533
503
484
541
519
519
472
542
528
551
564
493
508
535
513
517
546
525
508
550
502
520
500
494
506
509
514
503
523
519
487
515
510
506
513
531
527
506
522
543
482
507
487
499
528
527
517
502
524
466
508
489
500
522
539
514
524
487
486
516
479
490
510
460
459
508
503
502
496
479
503
486
462
471
449
495
502
480
507
474
477
447
509
472
442
481
498
542
482
494
517
489
510
457
489
477
464
481
521
459
501
519
492
522
472
470
476
488
449
491
478
506
486
510
468
462
473
441
515
431
512
497
459
508
439
495
486
470
494
484
492
466
449
459
480
466
511
459
486
479
502
504
464
474
474
467
469
481
495
474
482
465
470
486
484
484
488
479
483
431
462
469
441
454
493
483
457
453
481
440
487
507
472
439
492
495
467
488
461
533
443
484
459
474
438
521
479
472
504
481
462
461
476
474
458
458
463
456
469
477
418
454
449
473
441
471
455
491
461
407
444
478
461
439
427
459
427
409
486
449
477
434
483
479
454
465
424
483
475
509
467
465
449
424
482
460
453
418
436
442
435
465
468
428
450
449
475
415
454
450
475
463
459
447
454
446
447
466
447
459
447
447
436
452
475
429
422
446
422
447
480
457
437
435
448
448
474
445
435
439
433
434
392
448
384
441
437
418
453
412
457
467
403
435
453
410
453
424
435
422
415
471
420
427
438
400
448
434
391
457
463
453
444
418
429
387
426
419
452
458
394
432
435
454
448
455
434
427
442
439
447
425
429
423
452
440
445
450
434
424
438
407
422
426
445
408
454
416
446
446
414
435
403
457
403
418
432
426
440
398
448
477
455
456
420
387
452
402
376
421
417
432
407
386
449
442
410
411
414
404
448
420
411
388
446
393
414
436
433
459
418
428
413
438
421
405
406
412
392
398
456
436
424
419
414
400
406
425
393
450
426
412
393
377
424
410
399
410
438
403
412
403
436
405
428
427
416
425
426
395
425
417
419
400
416
399
423
391
412
425
415
425
461
415
418
398
408
410
429
421
426
352
417
420
435
409
444
396
390
441
433
442
422
456
449
413
414
428
420
392
423
432
434
413
386
399
389
443
385
410
431
425
469
403
422
431
397
423
416
435
427
458
376
410
413
418
413
459
381
433
385
444
375
386
399
397
398
438
387
379
398
421
395
405
411
434
442
377
435
440
449
411
403
422
420
404
394
428
379
393
436
415
362
419
404
375
448
441
390
405
391
394
421
442
425
405
388
422
422
414
400
414
383
423
388
423
428
403
384
397
369
401
391
365
403
390
410
372
388
425
399
412
412
417
411
392
415
395
410
447
418
393
397
411
411
425
403
419
386
395
378
384
397
395
385
424
399
419
378
364
432
401
401
384
395
403
350
407
391
409
403
412
371
382
406
441
409
405
393
407
429
402
399
408
396
438
439
400
404
376
365
375
381
408
383
370
351
389
410
402
388
367
387
396
405
385
384
391
362
387
356
382
397
415
387
361
407
399
379
355
359
436
383
382
417
397
377
385
375
356
404
375
382
397
379
385
375
404
398
364
405
380
342
377
388
356
377
361
379
363
368
365
369
366
374
363
422
364
400
391
378
387
358
383
411
389
363
361
405
388
392
385
353
374
338
375
381
334
368
411
361
385
382
370
386
392
379
369
389
359
396
355
371
372
383
357
375
362
389
373
390
361
413
371
354
355
388
354
387
357
391
334
372
415
378
362
355
367
402
380
350
393
357
382
373
368
375
359
362
369
361
352
355
358
349
374
356
385
391
366
380
344
352
360
368
347
349
359
360
366
390
341
353
371
360
376
375
373
400
377
354
392
352
352
344
391
373
343
362
384
346
361
405
359
387
385
367
382
362
326
370
379
373
352
378
374
373
362
343
335
335
411
330
352
376
346
347
366
351
359
338
344
386
400
361
368
353
352
375
355
392
369
386
376
364
374
401
349
361
356
359
354
311
365
372
362
350
378
365
346
370
377
387
386
344
380
361
351
350
372
328
385
384
353
367
350
359
354
358
383
359
410
295
333
343
372
360
363
345
380
367
375
380
347
385
348
404
323
363
355
369
384
346
347
361
367
353
339
406
370
357
362
332
379
338
366
358
342
331
342
370
334
358
394
367
365
363
348
352
383
305
355
350
365
371
355
347
360
360
337
385
378
357
376
385
350
359
366
381
358
344
341
313
335
342
355
382
338
376
346
327
351
343
377
350
362
334
328
372
338
371
386
343
334
381
363
356
359
338
352
354
353
329
356
358
350
341
346
349
329
352
334
342
314
339
380
352
367
339
333
367
347
386
356
354
347
364
350
370
338
376
347
354
359
347
367
355
390
348
346
359
319
370
368
364
341
363
338
371
348
358
372
359
369
360
369
346
384
360
405
345
341
374
363
332
342
333
336
361
357
349
363
372
392
346
374
388
345
374
317
362
355
411
350
341
370
357
385
322
360
396
301
341
362
360
352
376
360
354
356
372
337
391
346
361
374
368
310
373
380
344
370
350
336
375
368
297
357
367
361
345
365
362
344
353
364
371
345
340
351
335
340
382
370
361
428
331
351
344
346
376
367
375
363
351
368
344
363
372
363
374
357
392
359
353
376
341
336
340
334
333
363
343
356
368
353
344
339
344
340
373
346
373
318
348
360
358
356
371
341
358
343
374
370
366
355
346
421
358
351
406
381
375
329
358
345
362
390
371
350
344
349
358
378
359
339
350
376
345
341
380
386
383
373
365
368
378
386
339
399
367
359
380
388
367
392
329
347
364
391
381
377
338
402
352
376
358
372
347
342
336
403
378
358
334
382
406
367
375
408
370
398
356
375
373
388
377
379
355
375
392
394
364
373
411
323
402
338
393
388
396
360
387
391
399
348
348
387
371
351
366
360
373
425
374
364
352
382
395
370
400
381
394
408
406
400
411
383
356
413
358
392
363
378
415
354
428
359
394
396
372
381
369
395
368
368
403
407
365
397
404
380
367
383
346
397
378
421
398
398
390
408
402
374
398
412
397
377
402
401
365
396
402
387
389
404
395
417
395
424
416
392
403
373
414
370
368
404
388
400
381
391
410
390
405
389
404
393
397
430
365
364
418
399
396
375
379
405
402
410
404
417
407
420
414
401
433
388
367
398
423
419
388
382
369
427
420
421
440
436
430
392
393
417
388
435
414
407
430
389
376
404
391
408
416
429
378
404
416
405
426
431
425
406
400
393
384
417
409
402
376
424
420
401
422
416
403
424
421
425
423
432
415
402
431
431
425
416
373
417
397
399
413
449
382
418
440
394
389
382
418
423
393
379
380
432
356
437
432
401
415
406
379
401
432
425
408
392
422
430
363
399
371
382
398
382
348
387
392
341
436
430
353
408
366
378
387
400
406
384
366
403
403
402
396
400
383
399
379
430
374
415
397
401
392
407
382
389
351
397
360
360
369
362
402
364
357
356
356
367
383
378
385
355
367
369
371
389
362
348
386
380
357
358
360
353
380
354
361
336
332
373
370
357
356
377
337
363
356
384
385
330
342
363
335
354
368
351
350
327
378
340
344
310
348
356
318
331
362
328
328
308
304
338
314
350
368
336
325
323
302
310
359
337
327
321
303
320
296
305
318
312
323
320
286
256
303
324
343
342
300
358
317
325
322
353
326
319
306
285
327
306
322
284
312
337
310
326
282
296
311
298
271
320
322
305
331
307
318
321
289
305
293
302
294
304
306
297
309
289
302
317
303
277
318
293
290
292
278
328
337
309
291
298
312
302
275
310
313
272
274
299
274
331
292
303
289
283
313
282
273
325
252
292
272
326
304
308
274
291
287
273
294
280
291
285
305
280
291
299
306
320
293
312
274
304
294
267
287
285
292
279
257
275
278
287
278
287
324
327
292
247
269
285
267
262
309
249
296
280
251
263
300
291
276
272
310
244
267
283
277
290
283
272
265
282
287
286
306
287
235
304
267
293
304
289
275
280
274
276
279
295
255
266
286
295
287
268
267
281
298
272
289
279
250
265
258
265
283
280
267
251
268
281
257
273
295
236
263
286
256
263
278
279
254
285
267
255
236
268
279
269
233
252
251
285
243
287
262
241
262
288
267
241
244
247
274
232
240
264
246
274
249
249
272
259
276
250
259
262
276
275
235
261
254
271
271
228
272
250
277
230
250
270
228
255
238
226
227
261
254
218
223
223
227
239
271
242
253
246
255
255
248
255
240
225
257
242
251
242
228
255
244
234
230
219
264
230
270
253
228
207
216
230
256
243
217
239
237
217
221
233
244
227
253
235
230
230
225
242
230
225
218
232
249
222
229
211
237
262
250
268
265
242
274
216
236
224
205
207
250
244
234
255
234
220
242
220
258
234
235
266
242
251
278
222
248
258
258
253
256
282
257
242
268
264
283
272
272
257
264
270
286
243
272
265
250
267
293
270
253
292
270
247
288
300
268
294
306
298
259
304
306
277
287
321
311
302
289
309
326
293
307
319
328
347
338
344
319
287
340
357
300
327
331
347
337
365
335
338
330
368
327
360
382
348
342
380
378
374
364
424
386
366
383
376
376
398
390
414
398
341
405
419
400
395
429
426
422
412
416
416
428
446
446
390
418
454
426
470
431
464
412
439
428
448
454
445
429
461
455
428
418
442
425
441
459
461
437
435
493
474
488
436
476
494
505
492
447
501
474
504
492
443
486
483
496
484
473
477
486
440
463
487
473
480
490
486
477
447
519
493
477
503
538
463
510
503
484
488
536
537
508
471
505
480
500
490
477
453
502
478
492
492
484
479
497
509
530
490
482
492
493
478
483
506
467
479
538
509
487
506
476
476
431
518
483
482
460
452
482
444
436
464
467
463
446
484
519
429
460
473
502
510
478
454
464
469
465
442
456
456
475
436
446
441
444
414
439
470
444
422
453
463
441
461
423
410
433
461
407
429
429
431
440
443
443
415
390
408
441
425
426
414
428
422
413
398
425
443
401
398
420
419
438
414
400
417
389
402
412
398
413
412
388
407
366
359
390
413
367
391
395
367
354
357
365
403
388
361
328
369
355
331
383
416
347
341
372
322
390
366
348
344
386
365
336
371
350
357
346
337
311
338
356
354
316
318
305
326
335
328
314
358
320
349
339
320
342
314
356
369
330
337
331
348
349
364
348
323
327
355
322
336
315
328
347
303
302
361
336
337
299
340
328
325
303
323
305
341
320
334
342
303
334
340
318
338
340
318
363
325
303
377
333
343
318
315
313
285
364
326
338
340
308
325
314
328
313
329
346
329
384
340
358
340
335
316
366
307
331
354
363
319
346
322
332
323
379
348
374
371
352
366
330
386
371
345
349
335
378
346
340
362
362
346
352
351
346
391
364
374
367
358
325
340
362
338
391
384
368
370
377
380
366
392
390
380
416
375
373
392
353
423
398
372
378
395
396
360
387
375
378
378
405
400
426
363
388
417
425
406
406
383
400
438
398
392
374
382
406
413
434
415
406
395
445
410
404
436
379
459
465
403
430
438
452
441
460
440
377
404
427
424
420
384
441
436
419
440
386
432
416
430
447
408
417
454
422
434
409
443
451
440
420
415
396
436
441
453
426
432
452
414
437
452
440
425
457
450
427
365
467
453
425
422
443
433
477
444
429
407
428
436
412
420
418
409
411
445
380
416
423
454
390
445
425
410
389
430
417
391
409
400
427
394
387
422
406
375
405
403
389
393
380
411
368
376
376
409
422
433
378
373
375
387
423
446
374
413
381
395
401
370
374
376
377
361
392
396
405
349
348
396
379
359
374
336
376
393
365
354
360
374
386
365
374
352
395
388
335
356
337
320
350
330
340
339
373
349
362
376
332
338
341
399
324
334
300
340
316
321
338
297
337
327
332
336
302
331
337
318
342
307
315
290
338
346
307
312
325
298
312
351
301
312
312
312
302
299
305
310
283
296
286
304
319
354
282
301
297
299
302
290
274
293
250
283
300
253
264
266
286
284
263
268
295
270
275
286
286
268
303
263
312
279
246
280
263
255
260
272
272
237
270
270
260
243
263
247
268
235
246
265
239
259
224
259
226
241
248
236
206
248
246
232
242
248
231
246
208
206
224
235
244
240
240
220
205
248
233
225
233
231
235
249
216
222
238
235
240
225
218
185
210
212
200
231
194
210
224
196
197
197
232
205
193
203
177
203
189
188
207
201
181
191
163
195
184
179
206
162
216
194
194
183
163
180
196
167
162
160
153
180
190
171
205
172
162
183
177
171
169
191
200
166
165
171
178
167
156
165
148
168
166
162
152
147
178
149
156
154
140
135
143
182
149
128
151
157
146
141
165
165
150
159
133
122
124
137
166
163
135
146
146
123
128
144
136
154
139
144
129
137
136
120
135
125
132
127
118
134
123
107
128
126
133
141
136
128
121
125
125
118
114
126
113
134
102
134
115
114
123
126
127
113
110
107
117
104
105
113
116
113
99
94
129
105
103
94
98
109
115
105
95
100
106
88
105
93
101
97
101
87
104
80
99
97
112
92
104
85
96
96
86
87
91
95
78
77
94
93
78
86
105
95
95
98
86
88
75
71
93
92
83
85
77
80
96
76
78
87
76
70
73
73
97
80
82
68
84
72
78
62
87
73
73
82
70
70
65
80
54
77
73
64
62
63
76
64
66
59
71
73
69
77
59
80
68
67
74
65
63
84
64
79
54
77
58
78
65
57
53
58
61
64
60
53
82
63
60
75
62
73
56
52
52
62
51
49
59
78
50
44
61
51
66
66
78
54
62
59
54
47
50
55
58
52
43
70
39
53
58
61
46
61
58
62
38
53
48
49
55
60
50
44
48
60
49
45
46
42
45
58
56
45
51
47
51
52
47
45
38
57
43
47
47
37
59
49
48
42
47
40
50
54
43
45
36
37
43
48
54
49
37
50
54
38
42
47
38
44
37
42
36
50
38
42
46
28
25
47
33
30
31
36
42
45
37
48
34
37
44
37
33
49
39
44
34
41
31
37
40
35
43
35
49
37
29
29
38
36
37
24
42
32
39
33
51
39
42
42
27
33
43
37
35
48
38
36
41
37
31
49
40
35
39
29
35
34
37
34
39
28
24
32
33
23
31
38
29
33
26
30
32
29
37
45
37
27
28
30
31
18
33
27
35
31
24
32
24
36
33
37
44
29
27
29
33
25
27
26
29
29
37
38
26
27
23
17
27
32
29
27
26
18
28
29
30
27
24
26
26
34
20
27
30
30
17
28
24
28
36
12
29
26
22
25
30
26
27
20
27
21
18
23
21
20
25
22
23
21
15
25
23
24
21
24
27
25
26
26
29
18
19
22
22
17
22
26
19
20
25
18
33
29
21
29
25
15
25
15
15
18
20
22
22
16
23
23
20
21
27
19
19
20
25
16
25
23
12
19
23
25
17
15
22
22
28
14
22
22
16
19
17
20
15
16
22
14
20
12
22
18
14
16
15
20
13
14
10
14
17
13
26
20
11
19
15
18
12
21
18
20
19
15
17
13
19
12
19
15
16
18
18
17
16
17
17
14
17
21
15
17
15
17
19
20
14
11
13
15
24
10
9
11
8
12
11
19
12
12
19
10
8
12
7
9
13
14
17
7
19
9
13
19
10
10
16
9
13
18
7
10
19
8
7
8
10
11
12
8
9
7
11
22
8
13
10
9
8
15
10
12
8
19
4
11
6
10
10
17
9
6
11
8
11
11
10
6
7
13
13
11
7
7
7
12
11
9
14
8
11
9
7
9
9
9
8
13
7
8
10
11
4
8
11
15
11
11
5
6
8
8
12
8
4
6
2
12
6
7
7
9
5
9
12
6
8
2
7
4
4
9
4
4
7
5
3
4
4
11
11
6
5
5
4
6
5
2
5
7
6
10
5
6
4
2
3
3
10
6
3
4
10
10
4
4
6
5
5
4
7
5
1
5
6
4
9
0
2
4
3
8
2
7
7
5
5
6
6
1
5
6
3
5
5
6
3
1
4
5
1
5
1
2
2
7
7
5
8
1
4
7
8
2
5
6
3
3
1
6
1
3
3
1
4
4
5
4
4
2
4
4
2
2
4
4
5
3
4
5
3
7
3
4
0
2
1
2
2
2
7
5
4
3
2
5
4
3
1
3
3
5
1
0
0
2
5
3
3
3
4
2
5
1
4
0
3
2
1
2
3
7
3
4
4
3
3
1
3
3
5
1
0
1
4
4
9
1
4
3
4
8
2
4
5
4
1
1
2
2
3
4
2
1
5
0
1
3
2
3
2
2
2
4
3
0
5
6
4
0
1
3
3
1
4
6
4
7
3
1
4
0
6
6
4
7
3
1
3
2
4
1
0
1
4
3
4
2
4
2
1
2
1
2
2
2
1
2
3
1
1
1
1
4
4
2
1
0
3
2
5
3
2
0
2
1
2
5
3
4
1
2
4
5
2
2
4
2
2
4
3
4
2
1
2
3
0
1
5
2
1
2
0
5
2
1
3
1
4
3
3
2
1
1
4
3
2
3
3
7
0
3
5
2
3
3
3
4
2
1
4
5
1
3
3
3
1
2
4
0
2
2
4
2
0
1
2
1
1
1
4
3
5
4
1
3
6
2
1
5
3
0
5
4
4
7
1
1
4
1
3
3
2
4
7
2
2
1
1
2
5
3
2
2
5
3
3
0
1
2
2
4
3
1
2
1
6
5
4
4
1
4
1
3
3
4
4
4
1
3
4
0
2
2
3
3
2
3
4
0
1
2
1
3
4
3
2
1
1
1
1
3
0
1
2
3
1
3
0
1
3
5
1
3
2
1
2
2
3
0
2
0
3
4
6
3
2
1
1
4
1
4
1
5
1
3
3
2
1
1
2
1
4
5
3
3
0
2
6
0
3
2
2
5
0
4
2
0
4
3
4
3
4
2
4
0
3
5
4
1
2
1
2
1
5
1
2
3
1
3
0
3
1
2
5
0
2
1
2
0
1
2
0
3
4
1
1
3
1
2
2
2
2
2
3
0
2
0
4
2
1
2
0
2
1
3
1
1
3
2
2
4
1
1
2
1
1
3
0
1
1
1
5
4
1
3
1
3
1
0
1
3
0
2
1
3
2
0
4
2
1
3
5
2
3
2
1
2
1
4
1
3
3
1
2
0
0
1
1
3
1
2
3
4
3
3
2
1
7
2
1
2
1
1
1
1
1
2
2
1
4
1
2
1
2
2
1
0
1
3
1
2
1
0
2
2
3
5
2
4
2
0
2
4
4
0
1
3
3
4
5
3
0
2
1
1
2
4
3
2
3
1
1
1
1
2
1
2
4
4
2
1
1
1
1
1
2
3
4
5
1
2
2
3
2
1
4
3
2
4
2
1
2
1
3
2
3
3
1
2
1
2
2
1
2
1
1
4
5
1
2
3
1
2
1
0
2
0
3
3
2
3
7
4
1
1
1
1
4
3
1
1
1
2
3
3
0
4
1
3
1
3
3
3
2
2
3
2
2
1
1
2
2
3
2
0
1
2
1
0
1
1
1
2
1
0
1
1
3
1
2
0
2
0
1
1
0
1
1
0
0
1
3
3
1
1
4
2
1
1
2
4
2
3
3
1
0
1
2
2
0
0
4
4
1
2
2
3
1
5
3
3
4
4
3
1
4
0
2
3
0
2
5
4
2
1
4
1
2
1
1
1
2
1
1
1
4
0
0
0
3
1
2
3
2
0
1
1
5
1
1
2
0
1
2
2
1
1
1
1
2
0
1
1
2
0
1
4
1
3
3
5
1
1
2
3
1
2
3
1
3
3
1
1
2
1
0
1
5
0
3
2
0
2
2
0
2
1
1
0
3
3
2
1
1
1
0
0
2
2
3
2
1
1
1
2
0
2
1
0
4
3
1
0
1
0
2
2
2
2
2
2
1
0
4
3
4
0
3
1
0
4
1
2
2
3
0
1
2
2
1
0
2
1
3
1
0
3
3
1
3
1
2
1
3
2
1
0
3
1
1
2
0
3
2
2
1
5
2
1
1
1
1
0
1
1
1
1
2
0
1
0
4
2
2
1
0
1
2
1
4
2
2
5
3
1
3
1
2
2
0
1
1
1
0
1
2
2
1
1
0
2
2
0
0
2
1
3
0
1
1
1
3
0
0
0
1
0
0
0
3
1
3
0
0
1
0
2
1
0
0
1
2
0
2
1
0
0
1
1
3
2
1
1
4
0
1
0
2
1
0
0
0
1
1
3
1
2
0
0
0
0
0
3
4
1
1
2
0
1
1
0
3
0
1
4
1
3
1
0
1
1
2
3
5
0
2
5
2
0
2
0
0
1
2
1
1
0
2
1
1
2
1
2
2
2
2
1
0
1
1
8
2
2
3
3
1
5
2
0
3
2
3
1
0
2
2
2
3
2
3
1
1
3
2
0
2
1
2
2
2
1
3
2
2
2
1
1
2
2
2
1
1
0
4
2
0
1
2
0
1
1
0
1
1
1
1
2
2
3
0
1
3
2
1
1
4
1
1
1
0
4
1
2
2
1
3
1
2
0
2
1
2
1
2
1
3
0
2
1
1
3
1
2
1
2
0
2
0
1
1
1
4
1
2
2
0
5
1
1
2
3
3
1
0
2
3
2
5
1
0
0
1
0
2
2
2
2
1
0
1
3
0
0
2
1
1
3
2
1
1
2
2
2
1
2
4
2
1
2
1
1
2
0
1
0
1
2
1
3
2
1
1
0
0
0
2
1
1
1
3
2
2
1
2
1
2
2
0
1
1
1
4
3
1
1
1
0
3
0
1
1
0
0
0
0
0
0
0
1
2
1
3
3
1
0
3
2
2
0
1
2
5
3
3
0
1
1
2
3
1
1
2
1
2
1
1
2
0
2
4
3
1
1
2
0
1
0
2
1
0
0
3
1
1
0
1
1
2
2
1
3
1
2
2
0
2
3
0
2
2
2
0
0
0
0
0
2
0
0
1
2
1
1
1
0
2
3
4
0
2
1
1
3
2
1
1
1
0
0
2
1
0
3
2
1
2
0
3
0
1
0
1
1
2
0
2
1
0
1
1
1
0
1
0
1
0
1
0
2
0
2
0
2
0
0
0
0
1
0
1
1
0
1
2
0
0
1
0
1
0
0
1
0
1
0
0
1
1
1
0
1
1
1
0
2
1
0
0
3
0
0
0
3
2
0
0
2
0
0
2
1
3
0
1
1
0
2
4
1
0
0
0
2
1
1
0
1
2
1
0
1
3
0
0
0
0
1
2
1
0
2
0
0
2
1
2
3
0
1
2
0
0
1
1
1
3
2
0
2
1
0
0
0
1
2
0
0
0
1
1
0
0
1
2
2
0
0
0
1
0
1
0
1
0
1
2
0
0
1
0
1
1
0
0
0
1
1
1
2
1
1
0
1
0
0
0
1
0
2
1
1
0
2
4
0
2
1
2
0
0
0
0
0
2
0
0
0
1
1
1
0
2
1
1
0
1
1
1
1
0
0
1
1
1
0
2
0
1
0
2
0
2
1
0
0
1
1
0
0
0
0
0
1
2
0
0
0
2
1
1
0
2
0
0
1
1
0
1
1
0
1
2
0
1
1
0
2
0
0
0
0
3
0
1
1
2
1
2
2
0
1
1
1
3
1
0
0
1
1
0
0
0
0
3
0
0
0
0
2
0
1
2
1
1
0
1
0
0
1
2
0
0
1
0
0
0
1
1
1
0
0
2
1
0
1
1
0
0
1
0
1
1
1
0
0
2
1
0
0
0
1
0
1
0
0
1
0
2
0
1
1
0
1
0
1
0
0
0
0
0
2
0
2
1
1
0
0
3
2
1
1
1
0
0
0
2
0
0
0
1
0
2
1
3
0
1
2
3
1
0
0
0
0
0
0
0
1
3
0
0
0
2
1
1
1
1
1
1
1
1
1
1
2
0
1
1
0
4
0
0
0
0
1
0
0
0
2
1
1
2
0
0
0
0
1
1
0
1
1
1
0
1
0
0
1
1
2
0
0
0
1
2
0
0
0
0
2
1
0
1
0
2
0
0
0
1
0
0
1
0
2
1
0
0
0
0
0
2
1
2
0
0
1
0
0
0
0
3
3
2
0
2
1
1
0
1
0
2
2
1
2
0
1
0
0
1
0
1
2
0
2
2
3
2
0
0
0
1
0
0
0
0
1
0
0
2
0
2
2
0
0
1
5
0
1
0
1
1
0
2
1
1
1
0
1
1
2
0
1
0
1
0
0
1
1
1
1
0
0
1
0
0
0
0
3
0
0
1
1
2
0
1
1
0
1
4
2
0
0
4
0
1
0
3
0
0
3
1
1
1
2
0
0
2
1
0
0
0
0
0
0
0
0
0
1
0
2
3
2
0
1
1
1
1
0
0
1
1
0
1
0
1
0
3
1
1
3
2
1
1
1
3
0
2
2
1
0
1
0
1
1
2
2
2
0
0
0
1
1
0
1
3
1
1
0
1
1
0
0
1
1
1
1
2
0
1
2
2
1
1
0
0
0
0
0
4
1
2
0
3
1
2
0
0
1
1
1
0
1
0
1
1
0
0
0
1
1
1
2
0
0
0
0
1
1
2
0
1
2
0
1
0
1
0
1
1
0
2
0
0
2
1
0
0
2
1
0
1
0
1
1
0
2
0
1
0
0
0
0
0
2
0
0
1
1
0
0
0
0
1
0
1
1
0
1
2
1
0
0
2
1
1
0
0
0
0
1
0
1
0
2
0
2
2
0
1
1
0
2
2
1
1
1
0
0
1
1
0
0
2
0
0
1
2
1
1
0
1
1
0
2
1
0
1
0
0
0
0
0
1
0
1
1
2
0
1
0
1
1
1
1
2
0
0
0
1
1
2
1
0
0
0
0
0
0
0
0
1
0
1
1
0
1
2
0
0
0
0
0
0
0
0
0
0
0
0
0
0
0
0
0
0
1
0
2
2
1
1
0
0
0
0
1
0
0
0
2
0
0
0
1
0
0
0
0
0
0
0
1
0
1
2
0
0
0
0
0
0
0
0
0
1
1
0
0
0
0
0
0
0
2
1
1
0
1
0
0
0
0
0
0
0
1
1
1
0
2
0
1
1
1
1
0
0
0
0
0
1
0
1
0
1
0
0
0
0
1
1
0
0
0
0
0
0
1
0
0
0
1
0
0
0
0
1
0
2
0
0
1
0
0
1
2
0
0
0
0
0
1
1
0
1
0
1
0
0
1
0
0
0
0
0
0
0
0
0
0
2
0
1
0
0
0
0
1
0
0
0
0
1
0
0
1
2
0
1
0
0
0
0
0
1
0
0
0
0
0
1
1
0
0
0
0
0
0
2
0
0
0
0
1
0
1
0
3
0
1
0
0
1
1
1
0
1
0
1
1
1
1
0
0
0
0
0
1
0
0
0
0
0
0
0
0
0
0
0
1
0
2
0
0
2
0
1
1
0
1
0
0
2
0
1
0
0
0
1
0
0
0
0
0
0
1
0
0
0
1
0
1
0
0
0
0
0
0
0
1
0
0
0
0
0
0
0
0
0
0
0
0
0
0
0
0
0
0
0
2
0
0
0
0
1
0
0
0
0
0
0
0
0
0
0
0
0
0
2
0
0
1
0
1
0
1
2
0
0
1
0
0
0
0
0
0
2
0
1
1
0
1
1
4
0
0
0
0
1
0
0
0
0
0
0
0
0
0
0
0
0
0
1
0
0
0
1
0
0
0
1
0
0
0
0
1
0
0
0
0
0
0
0
1
0
0
0
0
1
0
0
0
0
0
0
0
0
0
0
1
0
0
0
0
1
0
0
0
0
0
0
0
0
0
0
0
1
0
0
0
0
0
0
0
1
0
0
0
0
0
0
1
0
0
1
0
0
0
1
0
0
0
1
1
0
0
0
0
0
0
0
0
0
0
0
2
0
0
0
0
0
0
0
0
0
0
1
0
2
0
0
0
0
0
0
0
0
0
0
0
1
0
0
0
0
0
0
0
0
2
0
0
0
0
0
0
0
0
0
1
1
0
0
0
0
0
0
0
0
0
1
0
0
0
1
0
0
0
0
0
0
0
0
0
0
0
0
0
0
0
1
0
0
0
0
0
0
0
1
0
0
0
0
0
0
0
1
0
0
0
0
0
0
0
1
0
0
0
0
0
0
0
0
0
0
0
0
0
0
0
0
0
0
1
0
0
0
0
0
0
0
0
0
0
0
0
0
0
0
0
0
0
0
0
0
0
0
0
0
0
0
0
0
0
0
0
0
0
0
0
0
0
0
0
0
0
0
1
0
0
0
0
0
0
0
0
0
0
0
0
0
0
0
0
0
0
0
0
0
0
0
0
0
0
0
0
0
0
0
0
0
0
0
0
0
0
0
0
0
0
1
0
0
0
0
0
0
0
0
0
0
0
0
0
0
0
0
0
0
0
0
0
0
0
0
0
0
0
0
0
0
0
0
0
0
0
0
0
0
0
0
0
0
0
0
0
0
0
0
0
0
0
0
1
0
0
0
0
0
0
0
0
0
0
0
0
0
0
0
0
0
0
0
0
0
0
0
0
0
0
0
0
0
0
0
0
0
0
0
0
0
0
0
0
0
0
0
0
0
0
0
0
0
0
0
0
0
0
0
0
0
0
0
0
0
0
0
0
0
0
0
0
0
0
0
0
0
0
0
0
0
0
0
0
0
0
0
0
0
0
0
0
0
0
0
0
0
0
0
0
0
0
0
0
0
0
0
0
0
0
0
0
0
0
0
0
0
0
0
0
0
0
0
0
0
0
0
0
0
0
0
0
0
1
0
0
0
0
0
0
0
0
0
0
0
0
0
0
0
0
0
0
0
0
0
0
0
0
0
0
0
0
0
0
0
0
0
0
0
0
0
0
0
0
0
0
0
0
0
0
0
0
0
0
0
0
0
0
0
0
0
0
0
0
0
0
0
0
0
0
0
0
0
0
0
0
0
0
0
0
0
0
0
0
0
0
0
0
0
0
0
0
0
0
0
0
0
0
0
0
0
0
0
0
0
0
0
0
0
0
0
0
0
0
0
0
0
0
0
0
0
0
0
0
0
0
0
0
0
0
0
0
0
0
0
0
0
0
0
0
0
0
0
0
0
0
0
0
0
0
0
0
0
0
0
0
0
0
0
0
0
0
0
0
0
0
0
0
0
0
0
0
0
0
0
0
0
0
0
0
0
0
0
0
0
0
0
0
0
1
0
0
0
0
0
0
0
0
0
0
0
0
0
0
0
0
0
0
0
0
0
0
0
0
0
0
0
0
0
0
0
0
0
0
0
0
0
0
0
0
0
0
0
0
0
0
0
0
0
0
0
0
0
0
0
0
0
0
0
0
0
0
0
0
0
0
0
0
0
0
0
0
0
0
0
0
0
0
0
0
0
0
0
0
0
0
0
0
0
0
0
0
0
0
0
0
0
0
0
0
0
0
0
0
0
0
0
0
0
0
0
0
0
0
0
0
0
0
0
0
0
0
0
0
0
0
0
0
0
0
0
0
0
0
0
0
0
0
0
0
0
0
0
0
0
0
0
0
0
0
0
0
0
0
0
0
0
0
0
0
0
0
0
0
0
0
0
0
0
0
0
0
0
0
0
0
0
0
0
0
0
0
0
0
0
0
0
0
0
0
0
0
0
0
0
0
0
0
0
0
0
1
0
0
0
0
0
0
0
0
0
0
0
0
0
0
0
0
0
0
0
0
0
0
0
0
0
0
0
0
0
0
0
0
0
0
0
0
0
0
0
0
0
0
0
0
0
0
0
0
0
0
0
0
0
0
0
0
0
0
0
0
0
0
0
0
0
0
0
0
0
0
0
0
0
0
0
0
0
0
0
0
0
0
0
0
0
0
0
0
0
0
0
0
0
0
0
0
0
0
0
0
0
0
0
0
1
0
0
0
0
0
0
0
0
0
0
0
0
0
0
0
0
0
0
0
0
0
0
0
0
0
0
0
0
0
0
0
0
0
0
0
0
0
0
0
0
0
0
0
0
0
0
0
0
0
0
0
0
0
0
0
0
0
0
0
0
0
0
0
0
0
0
0
0
0
0
0
0
0
0
0
0
0
0
0
0
0
0
0
0
0
0
0
0
0
0
0
0
0
0
0
0
0
0
0
0
0
0
0
0
0
0
0
0
0
0
0
0
0
0
0
0
0
0
0
0
0
0
0
0
0
0
0
0
0
0
0
0
0
0
0
0
0
0
0
0
0
0
0
0
0
0
0
0
0
0
0
0
0
0
0
0
0
0
0
0
0
0
0
0
0
0
0
0
0
0
0
0
0
0
0
0
0
0
0
0
0
0
0
0
0
0
0
0
0
0
0
0
0
0
0
0
0
0
0
0
0
0
0
0
0
0
0
0
0
0
0
0
0
0
0
0
0
0
0
0
0
0
0
0
0
0
0
0
0
0
0
0
0
0
0
0
0
0
0
0
0
0
0
0
0
0
0
0
0
0
0
0
0
0
0
0
0
0
0
0
0
0
0
0
0
0
0
0
0
0
0
0
0
0
0
0
0
0
0
0
0
0
0
0
0
0
0
0
0
0
0
0
0
0
0
0
0
0
0
0
0
0
0
0
0
0
0
0
0
0
0
0
0
0
0
0
0
0
0
0
0
0
0
0
0
0
0
0
0
0
0
0
0
0
0
0
0
0
0
0
0
0
0
0
0
0
0
0
0
0
0
0
0
0
0
0
0
0
0
0
0
0
0
0
0
0
0
0
0
0
0
0
0
0
0
0
0
0
0
0
0
0
0
0
0
0
0
0
0
0
0
0
0
0
0
0
0
0
0
0
0
0
0