0
0
0
0
0
0
0
0
0
0
0
0
0
0
0
0
0
0
0
0
0
0
0
0
0
0
0
0
0
0
0
0
0
0
0
0
0
0
0
0
0
0
0
0
0
0
0
0
0
0
0
0
0
0
0
0
0
0
0
0
0
0
0
0
0
0
0
0
0
0
0
0
0
0
0
0
0
0
0
0
0
0
0
13
17
39
43
39
54
50
57
62
83
83
77
77
84
86
82
105
96
91
88
97
101
102
86
103
104
99
101
102
100
99
101
87
108
89
99
98
111
122
126
101
112
107
105
78
75
108
124
115
90
98
102
94
109
88
105
96
98
102
87
100
104
104
114
106
112
109
119
97
104
88
107
114
95
104
126
123
87
97
108
94
133
103
97
110
119
108
111
103
142
118
95
139
133
125
141
137
124
147
130
153
138
133
142
137
168
157
142
148
158
188
160
139
162
179
167
176
190
172
188
172
181
166
195
184
205
199
161
194
187
188
216
193
182
186
184
181
160
181
194
176
151
176
177
185
203
171
164
168
166
173
168
167
176
153
153
171
159
156
143
153
131
130
118
148
160
139
144
144
123
126
126
144
126
119
134
118
150
108
121
125
121
121
126
134
133
110
118
124
130
111
128
97
116
132
126
107
125
102
105
95
117
106
136
121
115
100
111
116
114
94
110
120
109
128
120
101
102
115
101
120
110
100
98
108
101
116
112
107
103
104
98
134
124
110
106
109
119
127
122
112
99
102
105
120
99
114
128
118
107
106
105
116
105
129
129
102
108
112
104
127
124
107
112
116
111
93
118
94
123
106
117
116
130
132
127
95
115
108
125
123
120
131
90
110
105
99
117
109
127
125
135
121
127
118
139
117
94
112
115
107
119
115
103
109
110
111
113
110
120
131
119
121
91
104
115
131
116
122
129
88
118
121
128
126
121
115
116
108
122
118
111
130
123
120
128
110
119
106
118
114
115
124
102
108
113
126
119
120
110
129
118
120
135
144
114
124
129
134
120
128
138
125
106
145
106
114
116
140
137
122
130
119
124
136
114
109
138
127
124
125
135
132
136
135
111
113
146
119
136
127
132
124
113
129
126
135
130
119
123
118
120
111
141
131
129
125
139
131
133
121
127
112
105
135
138
150
127
123
134
135
131
144
131
133
122
140
119
118
132
134
135
127
124
148
118
126
150
136
121
134
144
146
120
117
136
109
118
118
120
125
120
144
114
128
134
127
126
130
111
116
132
140
149
133
122
142
152
130
122
129
113
144
120
133
143
133
128
132
137
132
135
127
125
125
135
142
140
108
106
135
134
109
143
123
137
135
129
133
123
115
148
115
119
133
130
151
127
136
127
137
123
129
140
115
131
117
135
133
147
133
136
117
146
130
133
109
136
125
121
146
147
124
145
111
142
148
121
130
119
112
144
142
120
118
137
135
126
113
119
121
132
128
131
125
135
131
116
123
136
113
109
125
130
134
136
128
109
134
131
140
112
139
131
119
112
131
135
131
124
138
121
145
141
126
137
133
118
122
137
133
115
143
121
118
106
129
128
109
109
116
122
125
127
122
107
145
111
149
125
127
98
118
127
121
131
120
119
120
100
142
136
142
125
122
110
129
93
128
146
103
111
137
141
130
127
131
134
130
113
134
136
111
129
139
137
113
126
133
130
142
114
98
113
120
132
118
107
123
111
134
111
124
127
117
128
117
132
109
131
141
140
118
115
141
117
125
139
118
127
118
117
139
127
129
137
133
140
129
124
125
125
129
131
118
129
116
154
119
144
126
138
145
139
108
125
123
112
117
117
99
118
132
117
124
107
120
130
130
124
122
128
123
112
142
130
116
119
116
130
131
122
115
102
114
114
125
111
112
122
112
114
116
108
123
109
107
108
113
90
122
135
119
98
97
125
94
78
107
79
112
80
85
94
102
90
104
101
90
116
110
110
101
90
84
93
97
79
96
91
100
96
92
106
86
80
92
105
77
74
80
94
100
99
91
91
70
95
95
94
83
84
78
93
72
92
66
99
81
85
80
85
93
81
71
85
77
70
100
78
86
63
82
75
81
65
67
84
85
88
82
62
88
80
93
71
73
73
78
65
83
77
67
68
61
79
85
81
75
70
79
67
78
79
71
74
65
69
55
79
79
60
80
64
81
68
58
63
78
84
78
72
77
66
60
83
75
86
78
76
85
70
64
73
58
61
68
77
54
63
83
63
67
52
70
73
80
67
64
62
76
63
54
67
77
61
47
55
73
65
57
52
71
57
66
61
60
68
64
61
59
55
59
85
54
66
66
45
71
62
60
60
67
67
67
51
79
63
61
69
53
60
56
52
57
52
59
61
60
53
56
60
58
66
60
57
62
52
44
55
54
55
52
66
55
55
61
58
66
61
56
38
54
58
57
54
52
71
47
61
56
59
57
56
47
58
50
55
54
56
53
39
68
57
41
57
48
56
62
53
48
49
44
60
47
41
53
46
58
53
57
49
41
53
43
47
47
43
50
34
50
43
49
59
50
52
39
49
44
51
55
42
35
57
48
59
44
43
51
53
58
54
44
50
51
55
48
56
55
58
44
41
47
43
55
59
54
37
54
82
67
46
67
61
55
56
48
58
69
58
65
55
70
67
77
70
63
52
51
60
72
68
57
72
71
89
80
73
71
82
78
88
92
84
71
96
87
86
96
88
93
86
96
115
94
107
102
130
101
117
129
141
134
114
149
116
132
151
131
163
140
148
163
145
166
154
158
163
148
171
185
186
174
171
184
183
191
186
207
219
239
215
218
208
229
245
242
226
233
238
203
228
218
266
258
245
227
274
268
293
257
237
288
289
304
275
285
268
314
268
325
288
294
311
322
362
318
318
347
321
285
316
323
321
358
352
347
336
364
342
307
333
329
331
354
349
325
365
346
361
338
350
350
362
309
391
331
370
352
315
350
380
342
326
347
331
290
312
347
348
338
367
335
344
301
318
353
306
301
308
314
322
322
313
303
339
294
287
271
316
319
258
298
304
303
296
294
276
274
289
299
289
289
298
282
317
266
253
271
262
256
249
256
245
241
249
273
237
272
245
229
224
228
216
240
218
238
210
237
226
232
219
221
200
193
218
233
202
199
207
207
217
206
199
172
215
182
191
200
172
189
201
170
189
194
167
163
164
147
172
148
148
169
142
143
159
144
150
132
175
146
153
167
160
158
159
148
126
136
140
135
133
131
133
113
120
115
130
122
104
117
105
122
119
126
134
116
112
103
119
101
100
98
108
103
117
92
98
85
84
106
111
125
105
83
98
92
100
101
96
91
102
91
80
86
95
91
67
85
87
86
98
82
71
91
83
77
81
83
75
68
74
77
58
57
82
84
74
68
56
75
72
65
79
70
70
58
76
79
66
69
69
66
61
62
64
66
56
59
47
54
61
71
56
68
51
56
68
61
67
63
65
49
52
52
44
66
53
51
43
44
48
49
58
48
55
59
51
64
56
63
59
43
58
47
44
58
63
50
45
59
51
39
52
41
55
47
43
50
39
45
43
45
46
57
49
43
45
47
42
48
36
43
44
46
33
40
41
39
41
59
42
44
36
53
42
45
38
54
38
48
37
35
46
43
34
35
43
41
34
44
38
33
36
29
33
32
36
37
40
38
42
35
36
46
38
39
35
35
30
28
49
36
34
38
26
28
36
35
33
30
34
40
36
29
33
40
34
35
38
26
38
26
34
33
34
21
36
27
26
33
30
37
33
39
47
33
26
26
35
31
28
28
27
35
30
38
25
26
36
25
28
30
24
19
22
34
30
41
39
43
28
25
25
30
35
30
31
27
20
23
40
24
18
27
28
27
24
19
22
18
37
24
21
26
19
19
33
29
36
27
35
30
29
20
32
31
22
30
29
25
33
23
34
20
22
25
33
28
30
21
17
25
20
29
24
22
13
21
31
26
17
26
21
20
28
25
21
17
22
16
22
17
24
20
21
20
23
26
19
26
14
23
18
19
28
16
16
29
24
26
23
28
16
27
23
11
20
27
18
26
35
27
28
25
22
22
15
26
14
23
21
21
19
25
22
24
20
24
17
21
17
24
25
21
19
24
22
22
22
19
16
20
20
20
22
19
31
14
24
25
18
22
19
16
18
20
19
13
30
24
22
14
30
19
23
23
13
20
16
21
19
24
21
17
16
28
23
18
20
20
11
21
20
29
28
20
15
17
21
26
15
15
24
26
23
23
15
29
19
29
21
18
25
19
22
27
20
23
23
14
26
18
20
28
21
12
24
24
25
24
18
22
17
26
19
26
18
21
20
21
25
29
21
18
19
25
24
21
19
19
39
13
26
21
24
22
19
15
18
20
25
16
21
19
17
18
25
18
31
17
26
23
14
20
22
22
21
26
26
23
13
23
15
11
27
16
23
18
20
22
19
22
14
13
19
19
24
16
20
17
27
22
15
19
25
17
30
19
30
22
22
26
18
20
22
17
25
23
29
31
28
24
18
17
26
30
21
18
17
19
23
25
11
13
22
14
24
24
15
22
20
22
23
21
23
27
19
17
14
23
23
23
20
17
15
23
21
22
19
14
19
24
18
17
14
21
16
19
16
27
22
24
13
14
18
24
25
31
20
18
19
23
15
19
16
19
24
18
13
19
27
22
17
21
22
25
14
18
17
19
25
28
21
24
19
16
28
22
18
32
27
17
20
16
14
19
22
22
21
17
22
16
23
15
24
17
24
22
23
20
26
21
23
17
14
24
24
16
23
19
17
12
17
17
23
13
20
18
14
15
19
26
14
21
19
27
16
15
29
28
23
32
20
16
18
21
14
23
17
10
26
17
13
20
19
21
15
24
16
27
15
16
20
21
17
18
32
28
15
25
13
21
18
21
24
18
15
20
21
22
23
18
25
19
19
22
17
13
20
18
31
16
23
26
19
16
14
21
27
27
18
19
18
14
19
21
22
27
21
18
31
27
24
22
20
31
22
19
14
18
16
25
22
23
30
16
16
27
23
17
27
19
18
16
26
22
25
28
20
18
17
21
15
17
21
22
23
21
25
18
22
26
22
20
22
23
24
20
24
20
23
24
18
19
17
22
19
17
22
24
18
13
17
19
27
19
23
26
16
14
12
25
23
22
24
23
24
18
27
11
16
11
28
27
19
20
19
24
18
17
21
29
22
34
19
24
16
18
25
21
23
21
20
23
19
24
20
23
25
18
23
15
25
24
19
20
15
19
12
21
21
21
23
28
26
27
24
16
24
23
16
21
26
28
20
21
19
25
18
25
24
11
17
18
20
23
18
31
24
26
17
25
23
23
15
18
20
25
17
16
28
17
23
16
30
23
22
21
18
24
26
26
18
25
23
18
19
30
17
20
12
26
24
20
24
22
11
24
26
23
26
27
17
28
15
24
19
26
21
22
25
23
19
24
23
38
20
16
26
29
26
34
18
16
27
22
33
22
20
27
15
29
23
22
30
21
26
28
23
22
23
29
23
18
17
24
19
29
16
21
19
24
14
20
32
24
21
23
29
23
26
28
20
18
21
26
14
18
23
25
21
18
12
20
24
26
27
23
24
21
20
22
25
13
24
26
23
21
21
30
20
24
23
19
22
24
17
20
19
22
20
16
13
28
26
10
22
24
23
15
20
24
29
15
16
19
17
23
18
25
20
16
22
23
24
25
9
23
25
22
20
25
17
26
12
23
13
25
21
17
18
16
12
21
22
18
23
23
28
20
19
20
11
23
22
19
28
19
23
23
18
19
21
15
27
22
11
19
23
26
23
25
23
22
17
18
18
13
23
23
11
8
15
19
22
18
12
19
15
15
12
10
15
14
12
17
16
13
18
15
16
13
16
15
8
11
13
16
15
14
20
10
13
16
17
12
9
8
17
14
9
16
18
15
18
10
15
16
15
20
12
18
8
8
9
17
12
18
14
12
16
14
13
17
15
12
11
16
7
17
12
7
14
11
20
20
7
12
8
17
7
10
15
11
15
18
17
17
10
15
17
16
14
12
14
16
10
18
11
13
15
7
15
15
16
15
12
13
9
14
6
12
15
15
7
11
5
11
16
13
11
15
11
11
9
11
8
13
11
9
10
11
18
13
17
15
10
13
10
12
9
15
5
10
6
11
10
11
11
9
8
10
7
3
6
8
16
12
11
8
11
12
9
10
9
13
10
16
13
9
3
11
8
12
5
9
11
14
9
16
11
7
5
16
7
4
9
14
12
6
8
10
12
4
5
8
9
6
7
8
13
6
9
14
6
12
9
9
8
9
6
7
10
6
5
10
6
14
7
9
8
8
8
7
6
10
3
13
3
7
8
8
9
9
6
9
3
9
6
7
7
2
6
5
12
8
9
4
10
6
8
9
5
2
7
6
11
5
9
5
8
11
6
2
9
10
4
4
10
10
12
7
7
5
4
3
5
3
11
10
7
6
6
9
6
6
7
6
5
6
8
8
8
6
7
12
9
5
2
12
8
8
9
5
10
10
9
5
6
7
9
6
5
4
6
6
8
6
8
9
7
12
7
5
12
6
9
5
8
7
15
6
6
10
4
6
7
8
3
8
9
10
12
9
12
6
5
6
4
10
8
6
7
10
13
7
10
8
13
9
20
8
13
11
11
8
8
12
15
10
12
13
10
11
11
8
14
11
5
11
12
13
12
9
13
9
9
10
12
10
12
19
16
14
13
12
7
17
9
13
18
10
9
15
14
17
12
21
16
10
13
11
16
15
16
12
12
17
21
18
15
13
18
21
21
19
20
25
16
16
17
15
13
14
28
15
24
19
12
17
20
19
19
20
21
19
17
18
15
20
18
23
25
23
22
25
19
29
25
27
28
16
24
18
24
33
25
24
20
18
23
21
28
17
23
32
25
31
19
34
29
31
24
32
33
30
22
29
25
24
22
31
17
36
32
27
28
27
29
25
31
41
32
26
33
33
30
24
23
31
26
32
30
30
27
35
30
31
32
36
31
24
39
28
33
41
34
29
31
24
22
27
31
36
35
26
34
34
30
41
37
27
32
37
23
41
37
33
26
43
33
33
30
32
38
38
34
30
43
29
36
28
29
22
33
35
38
36
33
29
34
22
29
37
24
36
32
38
32
32
35
32
26
26
38
31
39
26
30
39
21
33
30
22
37
42
32
38
44
39
32
33
22
25
35
37
44
35
37
28
38
26
37
28
22
40
42
23
24
37
32
26
22
31
32
25
36
44
29
27
39
25
35
24
29
32
31
28
26
24
35
23
30
27
26
39
28
26
19
18
33
37
20
31
29
26
36
19
37
28
29
26
22
24
39
27
33
31
21
29
31
29
23
33
28
32
25
24
36
18
33
30
29
29
20
30
32
21
26
29
25
22
27
18
27
23
34
20
39
25
28
27
38
24
24
20
29
28
21
26
25
37
30
29
20
26
20
24
23
29
20
29
29
20
22
17
21
24
23
24
31
16
19
15
22
23
25
33
20
18
22
16
22
29
18
15
21
16
28
24
20
16
26
20
23
16
18
26
15
20
25
23
25
22
22
28
21
25
26
17
20
12
20
21
19
19
14
17
24
13
20
22
21
20
16
17
25
14
11
24
11
25
21
16
19
17
21
21
19
22
18
15
21
22
22
16
19
22
17
16
16
17
18
17
20
22
11
19
18
16
12
15
18
16
18
18
13
20
12
8
14
23
15
19
15
19
8
8
19
11
15
17
13
10
15
22
14
18
14
11
17
21
14
16
8
12
13
14
8
17
16
14
7
11
14
12
12
15
19
13
9
14
15
14
9
19
8
11
18
3
22
16
16
8
16
14
12
9
10
7
5
7
16
12
14
12
15
10
10
9
11
13
14
10
10
6
14
15
10
12
15
17
10
9
13
11
11
10
8
8
13
13
9
12
12
14
10
6
13
10
12
9
6
9
9
9
16
10
9
7
15
7
10
7
8
12
10
9
14
10
6
9
8
6
8
5
8
10
9
11
9
12
7
6
6
10
3
9
8
8
12
9
5
14
9
8
8
7
5
9
2
14
13
10
6
8
3
12
9
12
7
8
4
7
9
7
9
8
10
4
6
4
4
9
9
8
3
3
7
6
3
8
7
6
5
6
9
10
14
6
6
7
9
7
8
3
7
5
9
8
8
7
6
6
9
1
10
8
8
2
3
4
3
3
6
0
4
4
9
5
5
5
2
5
10
6
7
3
3
6
6
8
4
10
9
4
10
4
10
4
8
6
6
7
11
5
4
12
9
4
9
2
7
4
12
5
5
6
2
8
8
5
4
3
6
3
6
5
12
7
5
3
2
5
6
7
4
12
8
7
6
4
4
4
5
8
4
8
5
3
0
6
8
1
9
3
3
1
4
4
8
4
4
8
7
4
8
2
5
4
1
6
7
3
4
8
8
4
6
7
4
3
1
3
3
4
12
4
5
5
3
3
5
1
1
8
1
5
3
5
3
2
4
3
7
3
4
3
2
6
4
3
5
5
8
4
3
6
5
0
6
5
6
3
0
1
1
3
8
5
3
3
5
4
3
6
3
3
4
5
3
1
3
3
6
2
2
1
3
3
5
6
2
2
2
4
1
7
3
4
3
3
2
5
3
2
4
1
2
3
3
2
1
5
2
3
4
1
5
0
5
4
4
4
3
0
4
1
3
4
3
0
2
9
5
0
2
2
5
6
1
4
5
5
2
4
2
2
1
4
3
0
1
2
1
1
4
2
3
1
4
3
0
4
3
2
4
2
0
3
2
3
1
4
1
5
5
2
0
1
3
2
5
3
1
3
1
6
2
2
3
0
2
1
2
1
2
1
6
0
1
4
7
4
2
1
5
1
1
4
1
2
3
3
0
2
2
3
2
2
2
3
1
2
2
3
2
6
2
1
1
3
1
1
3
2
2
1
1
0
3
2
2
1
2
1
0
1
2
2
2
2
0
2
1
2
0
2
1
1
2
5
2
0
0
2
1
1
2
2
2
1
3
2
1
0
3
2
1
0
3
3
4
4
1
1
1
1
2
2
1
0
1
3
3
4
1
2
2
1
2
0
1
2
1
1
0
2
1
2
2
3
1
0
2
0
3
3
1
0
3
1
2
1
1
2
1
2
2
1
4
4
0
1
1
2
0
3
2
1
1
0
1
2
1
0
0
1
1
1
1
2
0
2
0
0
3
1
2
2
1
3
2
2
0
1
1
2
0
1
1
3
0
1
0
0
1
2
0
1
0
2
3
2
1
0
1
1
1
0
0
1
1
1
0
0
1
0
0
1
1
1
0
1
0
1
1
1
1
0
2
2
0
0
1
1
0
1
1
3
1
1
0
0
0
3
2
0
1
3
1
0
0
2
0
2
2
3
2
3
0
0
1
1
1
2
0
0
0
1
1
1
1
0
0
0
0
2
2
1
1
2
0
1
1
0
1
2
0
0
0
0
0
1
0
0
1
2
2
0
0
0
0
0
1
2
2
0
0
0
1
1
0
0
0
1
1
2
0
0
0
1
2
1
1
0
0
0
1
0
0
1
0
0
0
1
0
0
0
1
1
0
1
1
3
1
1
1
0
0
0
1
1
2
0
1
3
0
0
1
1
0
1
0
0
0
0
1
2
0
1
0
1
1
0
1
0
1
2
0
0
1
0
0
1
1
1
0
0
0
0
1
0
0
4
0
1
1
0
1
0
0
0
1
0
1
0
0
0
1
0
0
2
1
0
0
1
0
1
0
0
0
0
2
0
0
0
2
1
0
1
3
1
0
0
1
0
2
0
0
2
0
0
2
0
0
1
0
1
1
0
0
0
0
0
1
0
0
2
0
1
0
0
1
0
0
0
0
0
0
1
0
0
1
0
1
0
1
0
0
0
0
0
1
2
3
0
1
0
0
0
1
0
1
0
0
1
0
0
0
0
0
0
0
0
0
0
1
0
0
1
1
0
0
1
0
2
0
3
0
1
0
0
0
1
0
0
0
0
0
0
1
1
0
0
0
0
0
2
0
0
2
0
0
3
0
0
0
4
1
0
0
0
0
0
2
1
0
0
0
1
0
0
0
3
0
1
0
1
1
0
0
0
0
0
1
2
0
2
1
0
0
2
1
0
0
0
0
1
0
1
0
0
0
1
0
1
0
0
0
1
0
0
0
0
2
0
3
0
1
0
1
0
0
0
0
1
1
0
1
2
0
0
0
1
2
0
0
1
1
0
1
1
0
0
0
0
0
0
0
0
2
1
0
2
0
0
0
0
1
0
1
0
0
0
0
0
0
2
0
0
0
1
1
2
0
0
0
1
0
1
0
1
0
0
0
0
1
1
0
1
0
0
0
0
1
2
0
0
0
0
1
0
0
0
0
2
0
0
0
1
1
0
0
0
2
2
1
1
1
0
0
0
0
0
0
0
0
1
0
0
0
1
0
0
1
2
0
1
0
1
0
1
1
3
0
0
1
0
0
0
0
0
0
1
1
1
1
0
0
0
0
0
0
0
1
0
0
0
0
0
0
0
0
1
0
1
1
1
1
0
0
0
0
1
0
0
1
0
0
1
0
0
0
0
0
1
0
1
0
0
0
1
0
0
0
1
0
0
1
0
0
0
0
0
0
1
1
1
0
0
0
0
0
1
0
0
1
1
0
0
0
0
0
0
1
0
0
0
0
0
2
0
1
0
0
0
0
0
0
1
0
1
0
0
0
0
0
0
0
0
1
0
1
1
0
0
1
1
0
1
0
0
2
0
1
2
0
0
1
0
0
0
1
0
0
1
0
0
1
0
0
1
0
0
0
0
0
0
0
1
0
1
0
1
0
0
0
0
0
0
1
1
0
1
1
0
1
1
1
0
1
0
1
0
0
1
0
1
0
1
0
0
0
0
0
0
0
0
0
0
0
1
0
0
0
1
0
0
0
0
0
0
1
0
0
0
0
0
1
0
0
0
1
0
0
0
1
0
0
0
2
0
0
0
1
0
0
0
0
0
0
0
0
0
0
0
0
1
0
0
0
0
0
0
0
0
0
0
0
0
0
0
0
0
0
0
2
1
1
0
0
0
1
0
0
1
0
0
1
0
0
0
0
0
0
0
0
1
1
0
0
1
1
0
1
1
0
0
0
0
1
2
0
0
0
0
0
1
0
0
1
1
0
0
1
1
1
0
0
0
0
0
0
0
0
0
0
1
0
0
0
0
0
1
0
0
0
0
0
1
0
0
0
1
0
0
0
0
0
0
0
0
0
0
0
0
0
1
0
0
1
0
0
0
0
1
0
0
0
0
0
0
0
0
1
0
0
0
0
0
1
0
0
0
0
1
1
0
0
0
0
0
1
0
0
0
0
0
1
0
0
0
0
1
1
0
0
0
0
0
1
0
0
0
1
1
0
1
1
0
0
0
1
0
0
1
0
0
0
0
0
0
0
0
1
0
0
0
0
1
0
0
0
0
1
0
0
0
0
0
0
0
0
0
0
0
0
0
0
0
0
0
0
1
0
0
0
0
1
0
0
0
0
1
0
0
1
1
0
0
0
2
0
1
0
0
0
0
1
0
0
1
0
0
0
0
1
0
0
0
0
0
0
0
0
0
0
1
0
0
0
1
0
0
0
0
1
0
0
0
0
0
0
1
0
0
0
1
0
0
0
0
0
0
1
1
1
0
0
0
0
0
0
0
0
0
1
0
0
0
0
0
0
1
1
0
0
0
0
0
0
0
0
0
0
0
0
0
0
0
0
0
0
0
0
1
0
0
0
0
0
0
0
0
0
1
0
0
0
0
0
0
0
0
0
0
0
0
0
0
0
0
0
0
0
0
0
0
0
1
0
0
0
0
0
1
0
1
0
0
0
0
0
1
0
0
0
0
0
0
0
0
0
0
0
0
0
0
0
1
0
0
0
0
0
0
0
0
1
0
0
0
0
0
0
0
1
0
0
1
1
0
0
0
0
0
0
0
0
0
0
0
0
1
0
0
0
1
0
0
0
0
0
0
0
1
0
0
0
1
0
0
0
0
1
0
0
0
0
0
1
0
0
1
0
1
0
0
0
0
0
0
1
0
0
0
2
0
0
0
0
1
0
0
0
0
0
0
0
1
0
0
0
0
0
0
0
1
1
0
0
0
0
0
0
0
0
0
0
0
0
0
0
1
0
0
1
0
0
0
1
0
0
0
0
0
0
0
0
1
0
0
1
0
0
1
0
0
1
1
0
0
0
0
0
0
0
0
0
1
0
0
0
0
0
0
0
0
0
0
0
0
0
0
0
0
0
0
0
0
0
0
0
0
0
0
0
0
0
0
0
0
0
0
0
0
0
2
1
0
1
1
0
0
0
0
1
0
0
1
0
0
0
0
0
0
0
0
0
0
0
1
0
0
1
0
0
0
0
1
0
1
0
1
0
1
1
0
0
0
0
0
0
1
0
0
0
0
0
0
0
0
1
0
0
0
0
0
1
1
0
0
0
0
0
0
0
0
0
0
0
0
0
0
1
0
0
0
2
0
0
0
0
0
0
0
0
0
0
1
1
0
0
0
0
0
0
0
1
2
0
0
0
0
0
0
0
1
0
0
0
0
0
0
0
0
0
0
0
0
0
0
0
0
0
0
0
0
0
0
0
1
0
0
0
0
0
0
0
0
0
0
0
0
0
0
0
0
0
0
0
0
0
0
0
0
1
0
0
0
0
0
0
0
0
0
0
0
0
0
0
0
0
0
0
0
0
0
0
0
1
0
0
0
1
0
0
0
0
0
0
1
0
0
0
1
0
0
1
0
0
0
1
0
2
0
0
1
0
0
0
0
0
0
0
0
0
2
0
0
0
1
0
0
0
0
0
0
0
0
0
0
0
0
0
0
0
1
0
0
0
0
0
0
0
0
0
0
0
0
0
0
0
0
1
0
0
0
0
0
0
0
0
1
0
0
0
0
0
0
0
0
0
0
1
0
1
0
0
1
0
0
0
0
0
0
0
0
0
0
0
0
1
0
0
0
1
1
0
0
0
0
0
0
0
0
0
0
1
0
0
0
0
0
0
0
1
0
0
0
0
0
0
0
0
1
0
0
0
0
0
0
0
1
0
0
0
0
1
0
0
0
0
0
0
0
0
0
0
0
0
0
0
0
0
0
1
0
1
1
1
0
0
0
0
0
0
0
0
0
0
0
0
0
0
0
0
0
0
0
1
0
0
0
0
0
0
0
0
0
0
0
0
0
0
0
0
0
0
0
0
0
0
0
0
0
1
0
0
0
0
0
0
0
0
0
0
0
0
0
0
0
0
0
0
0
0
0
0
0
0
0
0
0
0
0
0
0
0
0
0
0
0
0
0
1
0
0
0
0
0
0
0
0
0
0
0
1
0
0
0
0
1
0
0
0
0
0
0
0
0
0
0
0
0
0
0
0
0
0
0
0
0
0
0
0
0
0
0
0
0
0
0
0
0
0
0
0
0
0
0
0
0
1
0
0
0
0
0
0
0
0
0
0
0
0
0
0
0
0
0
0
0
0
0
0
0
0
0
0
0
0
0
0
0
0
0
0
2
0
0
0
0
0
1
0
0
0
0
0
0
1
0
0
0
0
0
0
0
0
0
0
0
0
0
1
0
0
0
0
0
0
0
0
0
1
0
0
1
0
0
0
2
0
0
0
0
0
0
0
0
0
0
0
0
0
0
0
0
0
0
0
0
0
0
0
0
0
0
0
0
0
0
0
0
0
0
0
1
0
0
0
0
1
0
0
0
0
0
0
0
0
0
0
1
0
0
0
0
0
0
0
0
1
0
0
0
1
0
1
0
0
0
0
0
0
0
0
0
0
1
0
0
0
0
0
0
0
0
0
1
0
0
0
0
0
0
0
0
0
0
0
1
0
1
0
0
0
0
0
0
0
0
0
1
0
0
0
0
0
0
0
0
0
0
1
0
1
0
0
1
0
0
0
0
0
0
0
0
0
0
0
0
0
0
0
0
0
0
0
0
0
0
0
0
0
0
0
0
0
0
0
0
0
0
1
0
0
0
0
0
0
0
0
0
0
0
0
0
0
0
0
0
1
1
0
1
0
0
0
0
0
0
0
0
0
0
0
0
0
0
1
0
0
0
0
0
0
1
0
0
0
0
0
0
0
0
0
0
0
0
0
0
0
0
0
0
0
0
0
0
0
0
0
0
0
0
0
0
0
0
0
0
2
0
0
0
0
0
0
0
0
0
0
0
0
0
0
0
1
0
0
0
1
0
0
0
0
0
1
0
0
0
0
0
0
0
0
0
0
0
0
0
0
0
0
0
1
0
0
2
0
0
0
0
0
0
0
0
0
0
0
0
0
0
0
1
0
0
1
0
0
0
0
0
0
0
0
0
0
0
0
0
0
0
0
0
0
0
0
0
0
0
0
0
0
1
0
0
1
0
0
0
0
0
0
0
1
0
0
0
0
0
0
1
0
1
0
0
0
0
0
0
0
0
0
0
0
0
0
0
0
0
0
0
0
0
0
0
0
0
0
1
0
0
0
0
0
0
0
0
0
0
0
0
0
0
0
0
0
0
0
0
0
1
1
0
0
0
0
0
1
0
0
0
0
0
0
0
0
0
0
0
0
0
0
0
0
0
0
0
0
0
0
0
0
0
0
0
0
0
0
1
0
0
0
0
0
0
0
0
0
0
0
0
0
0
0
0
0
0
0
0
0
0
0
0
0
0
0
0
0
0
0
0
0
0
0
0
0
0
0
1
0
0
0
0
1
0
0
0
0
0
0
0
0
0
0
0
0
1
0
0
0
0
0
1
0
0
0
0
0
0
0
0
0
0
1
1
0
0
0
0
0
0
0
0
0
0
0
0
0
0
0
0
0
0
0
0
0
0
0
0
0
0
0
0
0
0
0
0
0
0
0
0
1
0
0
0
0
0
0
0
0
1
0
0
0
1
0
0
0
0
0
0
0
0
0
0
0
0
0
0
0
0
0
0
0
0
0
0
0
0
0
1
0
0
0
0
0
0
0
0
0
0
0
0
0
0
0
0
0
0
0
0
0
0
0
0
0
0
0
0
0
0
0
0
0
0
0
0
0
0
0
0
0
0
0
0
0
0
0
0
0
0
0
0
0
0
0
0
0
0
0
0
0
0
0
0
0
0
0
0
0
0
0
0
0
0
0
0
1
0
0
0
0
0
1
0
0
0
0
0
0
0
0
0
0
0
0
0
0
0
0
0
0
1
1
0
0
0
0
0
0
0
0
0
0
0
0
0
0
0
0
0
0
0
0
1
0
0
0
0
0
0
0
0
1
0
0
0
0
0
1
0
0
0
1
0
0
0
0
1
0
0
0
0
1
0
0
0
0
0
0
0
0
0
0
0
0
0
0
0
0
0
0
0
0
0
1
0
0
0
0
0
0
0
0
0
0
0
0
0
0
0
0
0
0
0
0
0
0
0
0
0
0
0
0
0
0
0
0
0
0
0
0
0
0
0
0
0
0
0
0
0
0
0
0
0
0
0
0
0
0
0
0
0
0
0
0
0
0
0
0
1
0
0
0
1
0
0
0
0
0
0
0
0
0
0
1
0
0
0
0
0
0
0
0
0
0
0
0
0
1
0
0
0
0
0
0
0
0
0
0
1
0
0
0
0
0
0
0
0
0
1
0
0
0
0
0
0
0
0
0
0
0
0
0
0
0
0
0
1
0
0
0
0
0
0
0
0
0
0
0
0
0
0
0
0
0
0
0
0
1
0
0
0
0
0
0
0
0
0
0
0
0
0
0
0
0
0
0
0
0
0
0
0
0
1
1
0
0
0
0
0
0
0
0
0
0
0
0
0
0
0
0
0
0
0
0
0
0
0
0
0
0
1
0
0
0
0
0
0
0
0
0
0
0
0
0
0
0
0
0
0
0
0
0
0
0
0
0
0
0
0
0
0
0
0
0
0
0
0
0
0
0
0
0
0
0
0
0
0
0
0
0
0
0
0
0
1
0
0
0
0
0
0
0
0
0
0
0
0
0
0
0
0
0
0
0
0
0
0
0
0
0
0
0
0
0
0
0
0
0
0
0
0
0
0
0
0
0
0
0
0
0
0
0
0
0
0
0
0
0
0
0
0
0
0
0
0
0
0
0
0
0
1
0
0
0
0
0
0
0
0
0
0
0
0
0
0
0
0
0
0
0
0
1
0
0
0
0
0
0
0
0
0
0
0
0
0
0
0
0
0
0
0
0
0
0
0
0
0
0
0
0
0
0
0
0
0
0
0
0
0
0
0
0
0
0
0
0
0
0
0
0
0
0
0
0
0
0
0
0
0
0
0
0
0
0
0
0
0
0
0
0
0
0
0
0
0
0
0
0
0
0
0
0
0
0
0
0
0
0
0
0
0
0
0
0
0
0
0
0
0
0
0
0
0
0
0
0
0
0
0
0
0
0
0
0
0
0
0
0
0
0
0
0
0
0
0
0
0
0
0
0
0
0
0
0
0
0
0
0
0
0
0
0
0
0
0
1
0
0
0
0
0
0
0
0
0
0
0
0
0
0
0
0
0
0
0
0
0
0
0
0
0
0
0
0
0
0
0
0
0
0
0
0
0
0
0
0
0
0
0
0
0
0
0
0
0
1
0
0
0
0
0
0
0
0
0
0
1
0
0
0
0
0
0
0
0
0
0
0
0
0
0
0
0
0
0
0
0
0
0
0
0
0
0
0
0
0
0
0
0
0
0
0
0
0
0
0
0
0
0
1
0
2
0
0
0
0
0
0
0
0
0
0
0
0
0
0
0
0
0
0
0
0
0
0
0
0
0
0
0
0
0
0
0
0
1
0
0
0
0
0
0
0
0
0
0
0
0
0
0
0
0
0
0
0
0
0
0
0
0
0
0
0
0
0
0
0
0
0
0
0
0
0
0
0
0
0
0
0
0
0
0
0
0
0
0
0
0
0
0
0
0
0
0
0
0
0
0
0
0
0
0
0
0
0
0
0
0
0
0
0
0
0
0
0
0
0
0
0
0
0
0
0
0
0
0
0
0
0
0
0
0
0
0
0
0
0
0
0
0
0
0
0
0
0
0
0
0
0
0
0
0
1
0
0
0
0
0
0
0
0
0
0
1
0
0
0
0
0
0
0
1
0
0
0
0
0
0
0
0
0
0
0
0
0
0
0
0
0
0
0
0
0
0
0
0
0
0
0
0
0
0
0
0
0
0
0
0
1
0
0
0
1
0
0
0
0
0
0
0
0
0
0
0
0
0
0
0
0
0
0
0
0
0
0
0
0
0
0
0
0
0
0
0
0
0
0
0
0
0
0
0
0
0
0
0
0
0
0
0
0
0
0
0
0
0
0
0
0
0
0
0
0
0
0
0
0
0
0
0
1
0
0
0
0
0
0
0
0
0
0
0
0
0
0
0
0
0
0
0
0
0
0
0
0
0
0
0
0
0
0
0
0
0
0
0
0
0
0
0
0
0
0
0
0
0
0
0
0
0
0
0
1
0
0
0
0
0
0
0
0
0
0
0
0
0
0
0
0
0
0
0
0
0
0
0
0
0
1
0
1
0
0
0
0
0
0
0
0
0
0
0
0
0
0
0
0
0
0
0
0
0
0
0
0
0
0
0
0
0
0
1
0
0
0
0
0
0
0
0
0
0
0
0
0
0
0
0
0
0
0
0
0
0
0
0
0
0
0
0
0
0
0
0
0
0
0
0
0
0
0
0
0
1
0
0
0
0
0
0
0
0
0
0
0
0
0
0
0
0
0
0
0
0
0
0
0
0
0
0
0
0
1
0
0
0
0
0
0
0
0
0
0
0
0
0
0
0
0
0
0
0
0
0
0
0
0
0
0
0
0
0
0
0
0
0
0
0
0
0
0
0
0
0
0
0
0
0
0
0
0
0
1
0
0
0
0
0
0
0
0
0
0
0
0
0
0
0
0
0
0
0
0
0
0
0
0
0
0
0
0
0
0
0
0
0
0
0
0
0
0
0
0
0
0
0
0
0
0
0
0
0
0
0
0
0
0
0
0
0
0
0
0
0
0
0
0
0
0
0
0
0
0
0
0
0
0
0
0
0
0
0
0
0
0
0
0
0
0
0
0
0
0
0
0
0
0
0
0
0
0
0
0
0
0
0
0
0
0
0
0
0
0
0
0
0
0
0
0
0
0
0
1
0
0
0
0
0
0
0
0
0
0
0
0
0
0
0
0
0
0
0
0
0
0
0
0
0
0
0
0
0
0
0
0
0
0
0
0
0
0
0
0
0
0
0
0
0
0
0
0
0
0
0
0
0
0
0
0
0
0
0
0
0
0
0
0
0
0
0
0
0
0
0
0
0
0
0
0
0
0
0
0
0
0
0
0
0
0
0
0
0
0
0
0
0
0
0
0
0
0
0
0
0
0
0
0
0
0
0
0
0
0
0
0
0
0
0
0
0
0
0
0
0
0
0
0
0
0
0
0
0
0
0
0
0
0
0
0
0
0
0
0
0
0
0
0
0
0
0
0
0
0
0
0
0
0
0
0
0
0
0
0
0
0
0
0
0
0
0
0
0
0
0
0
0
0
0
0
0
0
0
0
0
0
0
0
0
0
0
0
0